"uniqueAligns" "excludeSelf" "numGaps" "e.value" "nucleotidesShorterThanProtospacer" "queryStart" "prophageOnly" "Filter0" "Filter1" "Filter2" "Filter3" "Filter4" "Filter5" "Filter6" "upPAM" "upScore" "downPAM" "downScore"
TRUE TRUE 1 0.01 0 1 FALSE 1084838 683584 683512 611759 535416 535409 535409 "NNNNNNNNCC" 340741.732821494 "C/GNNNNNC/GNNC/G" 55887.9564050402
TRUE TRUE 1 0.01 0 2 FALSE 1084838 683584 683512 611759 535416 535416 535416 "NNNNNNNNCC" 340728.185710322 "C/GNNNNNC/GNNC/G" 55886.317030263
TRUE TRUE 1 0.01 0 5 FALSE 1084838 683584 683512 611759 535416 535416 535416 "NNNNNNNNCC" 340728.185710322 "C/GNNNNNC/GNNC/G" 55886.317030263
TRUE TRUE 1 0.01 0 7 FALSE 1084838 683584 683512 611759 535416 535416 535416 "NNNNNNNNCC" 340728.185710322 "C/GNNNNNC/GNNC/G" 55886.317030263
TRUE TRUE 1 0.01 1 1 FALSE 1084838 683584 683512 611759 557051 546355 546355 "NNNNNNNNCC" 344728.58224159 "C/GNNNNNC/GNNC/G" 56469.7894996988
TRUE TRUE 1 0.01 1 2 FALSE 1084838 683584 683512 611759 557051 557051 557051 "NNNNNNNNCC" 348784.415030219 "C/GNNNNNC/GNNC/G" 57105.9983793685
TRUE TRUE 1 0.01 1 5 FALSE 1084838 683584 683512 611759 557051 557051 557051 "NNNNNNNNCC" 348784.415030219 "C/GNNNNNC/GNNC/G" 57105.9983793685
TRUE TRUE 1 0.01 1 7 FALSE 1084838 683584 683512 611759 557051 557051 557051 "NNNNNNNNCC" 348784.415030219 "C/GNNNNNC/GNNC/G" 57105.9983793685
TRUE TRUE 1 0.01 3 1 FALSE 1084838 683584 683512 611759 603060 567367 567367 "NNNNNNNNCC" 347439.917996862 "C/GNNNNNC/GNNC/G" 56172.0027418063
TRUE TRUE 1 0.01 3 2 FALSE 1084838 683584 683512 611759 603060 580463 580463 "NNNNNNNNCC" 352349.747514154 "C/GNNNNNC/GNNC/G" 57039.1726311095
TRUE TRUE 1 0.01 3 5 FALSE 1084838 683584 683512 611759 603060 603060 603060 "NNNNNNNNCC" 358637.147438016 "C/GNNC/GNNC/GNNC/G" 53559.2854572574
TRUE TRUE 1 0.01 3 7 FALSE 1084838 683584 683512 611759 603060 603060 603060 "NNNNNNNNCC" 358637.147438016 "C/GNNC/GNNC/GNNC/G" 53559.2854572574
TRUE TRUE 1 0.01 5 1 FALSE 1084838 683584 683512 611759 609914 569536 569536 "NNNNNNNNCC" 348433.579073888 "C/GNNC/GNNC/GNNC/G" 51812.9304249639
TRUE TRUE 1 0.01 5 2 FALSE 1084838 683584 683512 611759 609914 583558 583558 "NNNNNNNNCC" 353582.24053293 "C/GNNNNNC/GNNC/G" 56806.0739077674
TRUE TRUE 1 0.01 5 5 FALSE 1084838 683584 683512 611759 609914 609478 609478 "NNNNNNNNCC" 361237.285015506 "C/GNNC/GNNC/GNNC/G" 53458.218202869
TRUE TRUE 1 0.01 5 7 FALSE 1084838 683584 683512 611759 609914 609914 609914 "NNNNNNNNCC" 361272.561562801 "C/GNNC/GNNC/GNNC/G" 53455.9493060681
TRUE TRUE 1 0.05 0 1 FALSE 1084838 683584 683512 683512 565047 564884 564884 "NNNNNNNNCC" 347995.190279651 "C/GNNNNNC/GNNC/G" 58445.3687084575
TRUE TRUE 1 0.05 0 2 FALSE 1084838 683584 683512 683512 565047 565044 565044 "NNNNNNNNCC" 347917.230111111 "C/GNNNNNC/GNNC/G" 58486.9430074719
TRUE TRUE 1 0.05 0 5 FALSE 1084838 683584 683512 683512 565047 565047 565047 "NNNNNNNNCC" 347917.230111111 "C/GNNNNNC/GNNC/G" 58486.9430074719
TRUE TRUE 1 0.05 0 7 FALSE 1084838 683584 683512 683512 565047 565047 565047 "NNNNNNNNCC" 347917.230111111 "C/GNNNNNC/GNNC/G" 58486.9430074719
TRUE TRUE 1 0.05 1 1 FALSE 1084838 683584 683512 683512 587676 576316 576316 "NNNNNNNNCC" 352339.462396511 "C/GNNNNNC/GNNC/G" 59097.3780793899
TRUE TRUE 1 0.05 1 2 FALSE 1084838 683584 683512 683512 587676 587641 587641 "NNNNNNNNCC" 356641.286411674 "C/GNNNNNC/GNNC/G" 59844.6142020499
TRUE TRUE 1 0.05 1 5 FALSE 1084838 683584 683512 683512 587676 587676 587676 "NNNNNNNNCC" 356625.894279065 "C/GNNNNNC/GNNC/G" 59844.5007236841
TRUE TRUE 1 0.05 1 7 FALSE 1084838 683584 683512 683512 587676 587676 587676 "NNNNNNNNCC" 356625.894279065 "C/GNNNNNC/GNNC/G" 59844.5007236841
TRUE TRUE 1 0.05 3 1 FALSE 1084838 683584 683512 683512 659857 606801 606801 "NNNNNNNNCC" 354000.096545941 "C/GNNNNNC/GNNC/G" 60482.8430949121
TRUE TRUE 1 0.05 3 2 FALSE 1084838 683584 683512 683512 659857 624899 624899 "NNNNNNNNCC" 356006.306557977 "C/GNNNNNC/GNNC/G" 62259.9038022248
TRUE TRUE 1 0.05 3 5 FALSE 1084838 683584 683512 683512 659857 659857 659857 "NNNNNNNNCC" 359972.894580174 "C/GNNNNNC/GNNC/G" 64441.3014056823
TRUE TRUE 1 0.05 3 7 FALSE 1084838 683584 683512 683512 659857 659857 659857 "NNNNNNNNCC" 359972.894580174 "C/GNNNNNC/GNNC/G" 64441.3014056823
TRUE TRUE 1 0.05 5 1 FALSE 1084838 683584 683512 683512 673919 610752 610752 "NNNNNNNNCC" 354972.033105036 "C/GNNNNNC/GNNC/G" 60303.2647766482
TRUE TRUE 1 0.05 5 2 FALSE 1084838 683584 683512 683512 673919 630894 630894 "NNNNNNNNCC" 356580.301660999 "C/GNNNNNC/GNNC/G" 62293.1886858893
TRUE TRUE 1 0.05 5 5 FALSE 1084838 683584 683512 683512 673919 672574 672574 "NNNNNNNNCC" 360892.792081499 "C/GNNC/GNNC/GNNC/G" 60314.3756742311
TRUE TRUE 1 0.05 5 7 FALSE 1084838 683584 683512 683512 673919 673919 673919 "NNNNNNNNCC" 361121.098122249 "C/GNNC/GNNC/GNNC/G" 60387.6583949923
TRUE TRUE 1 0.5 0 1 FALSE 1084838 683584 683512 683512 565047 564884 564884 "NNNNNNNNCC" 347995.190279651 "C/GNNNNNC/GNNC/G" 58445.3687084575
TRUE TRUE 1 0.5 0 2 FALSE 1084838 683584 683512 683512 565047 565044 565044 "NNNNNNNNCC" 347917.230111111 "C/GNNNNNC/GNNC/G" 58486.9430074719
TRUE TRUE 1 0.5 0 5 FALSE 1084838 683584 683512 683512 565047 565047 565047 "NNNNNNNNCC" 347917.230111111 "C/GNNNNNC/GNNC/G" 58486.9430074719
TRUE TRUE 1 0.5 0 7 FALSE 1084838 683584 683512 683512 565047 565047 565047 "NNNNNNNNCC" 347917.230111111 "C/GNNNNNC/GNNC/G" 58486.9430074719
TRUE TRUE 1 0.5 1 1 FALSE 1084838 683584 683512 683512 587676 576316 576316 "NNNNNNNNCC" 352339.462396511 "C/GNNNNNC/GNNC/G" 59097.3780793899
TRUE TRUE 1 0.5 1 2 FALSE 1084838 683584 683512 683512 587676 587641 587641 "NNNNNNNNCC" 356641.286411674 "C/GNNNNNC/GNNC/G" 59844.6142020499
TRUE TRUE 1 0.5 1 5 FALSE 1084838 683584 683512 683512 587676 587676 587676 "NNNNNNNNCC" 356625.894279065 "C/GNNNNNC/GNNC/G" 59844.5007236841
TRUE TRUE 1 0.5 1 7 FALSE 1084838 683584 683512 683512 587676 587676 587676 "NNNNNNNNCC" 356625.894279065 "C/GNNNNNC/GNNC/G" 59844.5007236841
TRUE TRUE 1 0.5 3 1 FALSE 1084838 683584 683512 683512 659857 606801 606801 "NNNNNNNNCC" 354000.096545941 "C/GNNNNNC/GNNC/G" 60482.8430949121
TRUE TRUE 1 0.5 3 2 FALSE 1084838 683584 683512 683512 659857 624899 624899 "NNNNNNNNCC" 356006.306557977 "C/GNNNNNC/GNNC/G" 62259.9038022248
TRUE TRUE 1 0.5 3 5 FALSE 1084838 683584 683512 683512 659857 659857 659857 "NNNNNNNNCC" 359972.894580174 "C/GNNNNNC/GNNC/G" 64441.3014056823
TRUE TRUE 1 0.5 3 7 FALSE 1084838 683584 683512 683512 659857 659857 659857 "NNNNNNNNCC" 359972.894580174 "C/GNNNNNC/GNNC/G" 64441.3014056823
TRUE TRUE 1 0.5 5 1 FALSE 1084838 683584 683512 683512 673919 610752 610752 "NNNNNNNNCC" 354972.033105036 "C/GNNNNNC/GNNC/G" 60303.2647766482
TRUE TRUE 1 0.5 5 2 FALSE 1084838 683584 683512 683512 673919 630894 630894 "NNNNNNNNCC" 356580.301660999 "C/GNNNNNC/GNNC/G" 62293.1886858893
TRUE TRUE 1 0.5 5 5 FALSE 1084838 683584 683512 683512 673919 672574 672574 "NNNNNNNNCC" 360892.792081499 "C/GNNC/GNNC/GNNC/G" 60314.3756742311
TRUE TRUE 1 0.5 5 7 FALSE 1084838 683584 683512 683512 673919 673919 673919 "NNNNNNNNCC" 361121.098122249 "C/GNNC/GNNC/GNNC/G" 60387.6583949923
TRUE TRUE 1 1 0 1 FALSE 1084838 683584 683512 683512 565047 564884 564884 "NNNNNNNNCC" 347995.190279651 "C/GNNNNNC/GNNC/G" 58445.3687084575
TRUE TRUE 1 1 0 2 FALSE 1084838 683584 683512 683512 565047 565044 565044 "NNNNNNNNCC" 347917.230111111 "C/GNNNNNC/GNNC/G" 58486.9430074719
TRUE TRUE 1 1 0 5 FALSE 1084838 683584 683512 683512 565047 565047 565047 "NNNNNNNNCC" 347917.230111111 "C/GNNNNNC/GNNC/G" 58486.9430074719
TRUE TRUE 1 1 0 7 FALSE 1084838 683584 683512 683512 565047 565047 565047 "NNNNNNNNCC" 347917.230111111 "C/GNNNNNC/GNNC/G" 58486.9430074719
TRUE TRUE 1 1 1 1 FALSE 1084838 683584 683512 683512 587676 576316 576316 "NNNNNNNNCC" 352339.462396511 "C/GNNNNNC/GNNC/G" 59097.3780793899
TRUE TRUE 1 1 1 2 FALSE 1084838 683584 683512 683512 587676 587641 587641 "NNNNNNNNCC" 356641.286411674 "C/GNNNNNC/GNNC/G" 59844.6142020499
TRUE TRUE 1 1 1 5 FALSE 1084838 683584 683512 683512 587676 587676 587676 "NNNNNNNNCC" 356625.894279065 "C/GNNNNNC/GNNC/G" 59844.5007236841
TRUE TRUE 1 1 1 7 FALSE 1084838 683584 683512 683512 587676 587676 587676 "NNNNNNNNCC" 356625.894279065 "C/GNNNNNC/GNNC/G" 59844.5007236841
TRUE TRUE 1 1 3 1 FALSE 1084838 683584 683512 683512 659857 606801 606801 "NNNNNNNNCC" 354000.096545941 "C/GNNNNNC/GNNC/G" 60482.8430949121
TRUE TRUE 1 1 3 2 FALSE 1084838 683584 683512 683512 659857 624899 624899 "NNNNNNNNCC" 356006.306557977 "C/GNNNNNC/GNNC/G" 62259.9038022248
TRUE TRUE 1 1 3 5 FALSE 1084838 683584 683512 683512 659857 659857 659857 "NNNNNNNNCC" 359972.894580174 "C/GNNNNNC/GNNC/G" 64441.3014056823
TRUE TRUE 1 1 3 7 FALSE 1084838 683584 683512 683512 659857 659857 659857 "NNNNNNNNCC" 359972.894580174 "C/GNNNNNC/GNNC/G" 64441.3014056823
TRUE TRUE 1 1 5 1 FALSE 1084838 683584 683512 683512 673919 610752 610752 "NNNNNNNNCC" 354972.033105036 "C/GNNNNNC/GNNC/G" 60303.2647766482
TRUE TRUE 1 1 5 2 FALSE 1084838 683584 683512 683512 673919 630894 630894 "NNNNNNNNCC" 356580.301660999 "C/GNNNNNC/GNNC/G" 62293.1886858893
TRUE TRUE 1 1 5 5 FALSE 1084838 683584 683512 683512 673919 672574 672574 "NNNNNNNNCC" 360892.792081499 "C/GNNC/GNNC/GNNC/G" 60314.3756742311
TRUE TRUE 1 1 5 7 FALSE 1084838 683584 683512 683512 673919 673919 673919 "NNNNNNNNCC" 361121.098122249 "C/GNNC/GNNC/GNNC/G" 60387.6583949923
TRUE TRUE 2 0.01 0 1 FALSE 1084838 683584 683584 611759 535416 535409 535409 "NNNNNNNNCC" 340741.732821494 "C/GNNNNNC/GNNC/G" 55887.9564050402
TRUE TRUE 2 0.01 0 2 FALSE 1084838 683584 683584 611759 535416 535416 535416 "NNNNNNNNCC" 340728.185710322 "C/GNNNNNC/GNNC/G" 55886.317030263
TRUE TRUE 2 0.01 0 5 FALSE 1084838 683584 683584 611759 535416 535416 535416 "NNNNNNNNCC" 340728.185710322 "C/GNNNNNC/GNNC/G" 55886.317030263
TRUE TRUE 2 0.01 0 7 FALSE 1084838 683584 683584 611759 535416 535416 535416 "NNNNNNNNCC" 340728.185710322 "C/GNNNNNC/GNNC/G" 55886.317030263
TRUE TRUE 2 0.01 1 1 FALSE 1084838 683584 683584 611759 557051 546355 546355 "NNNNNNNNCC" 344728.58224159 "C/GNNNNNC/GNNC/G" 56469.7894996988
TRUE TRUE 2 0.01 1 2 FALSE 1084838 683584 683584 611759 557051 557051 557051 "NNNNNNNNCC" 348784.415030219 "C/GNNNNNC/GNNC/G" 57105.9983793685
TRUE TRUE 2 0.01 1 5 FALSE 1084838 683584 683584 611759 557051 557051 557051 "NNNNNNNNCC" 348784.415030219 "C/GNNNNNC/GNNC/G" 57105.9983793685
TRUE TRUE 2 0.01 1 7 FALSE 1084838 683584 683584 611759 557051 557051 557051 "NNNNNNNNCC" 348784.415030219 "C/GNNNNNC/GNNC/G" 57105.9983793685
TRUE TRUE 2 0.01 3 1 FALSE 1084838 683584 683584 611759 603060 567367 567367 "NNNNNNNNCC" 347439.917996862 "C/GNNNNNC/GNNC/G" 56172.0027418063
TRUE TRUE 2 0.01 3 2 FALSE 1084838 683584 683584 611759 603060 580463 580463 "NNNNNNNNCC" 352349.747514154 "C/GNNNNNC/GNNC/G" 57039.1726311095
TRUE TRUE 2 0.01 3 5 FALSE 1084838 683584 683584 611759 603060 603060 603060 "NNNNNNNNCC" 358637.147438016 "C/GNNC/GNNC/GNNC/G" 53559.2854572574
TRUE TRUE 2 0.01 3 7 FALSE 1084838 683584 683584 611759 603060 603060 603060 "NNNNNNNNCC" 358637.147438016 "C/GNNC/GNNC/GNNC/G" 53559.2854572574
TRUE TRUE 2 0.01 5 1 FALSE 1084838 683584 683584 611759 609914 569536 569536 "NNNNNNNNCC" 348433.579073888 "C/GNNC/GNNC/GNNC/G" 51812.9304249639
TRUE TRUE 2 0.01 5 2 FALSE 1084838 683584 683584 611759 609914 583558 583558 "NNNNNNNNCC" 353582.24053293 "C/GNNNNNC/GNNC/G" 56806.0739077674
TRUE TRUE 2 0.01 5 5 FALSE 1084838 683584 683584 611759 609914 609478 609478 "NNNNNNNNCC" 361237.285015506 "C/GNNC/GNNC/GNNC/G" 53458.218202869
TRUE TRUE 2 0.01 5 7 FALSE 1084838 683584 683584 611759 609914 609914 609914 "NNNNNNNNCC" 361272.561562801 "C/GNNC/GNNC/GNNC/G" 53455.9493060681
TRUE TRUE 2 0.05 0 1 FALSE 1084838 683584 683584 683584 565119 564956 564956 "NNNNNNNNCC" 348059.099290941 "C/GNNNNNC/GNNC/G" 58450.7360403182
TRUE TRUE 2 0.05 0 2 FALSE 1084838 683584 683584 683584 565119 565116 565116 "NNNNNNNNCC" 347981.133190139 "C/GNNNNNC/GNNC/G" 58492.3099089689
TRUE TRUE 2 0.05 0 5 FALSE 1084838 683584 683584 683584 565119 565119 565119 "NNNNNNNNCC" 347981.133190139 "C/GNNNNNC/GNNC/G" 58492.3099089689
TRUE TRUE 2 0.05 0 7 FALSE 1084838 683584 683584 683584 565119 565119 565119 "NNNNNNNNCC" 347981.133190139 "C/GNNNNNC/GNNC/G" 58492.3099089689
TRUE TRUE 2 0.05 1 1 FALSE 1084838 683584 683584 683584 587748 576388 576388 "NNNNNNNNCC" 352403.26684658 "C/GNNNNNC/GNNC/G" 59102.9732397002
TRUE TRUE 2 0.05 1 2 FALSE 1084838 683584 683584 683584 587748 587713 587713 "NNNNNNNNCC" 356704.986959792 "C/GNNNNNC/GNNC/G" 59850.3263169315
TRUE TRUE 2 0.05 1 5 FALSE 1084838 683584 683584 683584 587748 587748 587748 "NNNNNNNNCC" 356689.592933663 "C/GNNNNNC/GNNC/G" 59850.2099780217
TRUE TRUE 2 0.05 1 7 FALSE 1084838 683584 683584 683584 587748 587748 587748 "NNNNNNNNCC" 356689.592933663 "C/GNNNNNC/GNNC/G" 59850.2099780217
TRUE TRUE 2 0.05 3 1 FALSE 1084838 683584 683584 683584 659929 606873 606873 "NNNNNNNNCC" 354063.009717295 "C/GNNNNNC/GNNC/G" 60488.1657588867
TRUE TRUE 2 0.05 3 2 FALSE 1084838 683584 683584 683584 659929 624971 624971 "NNNNNNNNCC" 356068.852884986 "C/GNNNNNC/GNNC/G" 62265.5891542127
TRUE TRUE 2 0.05 3 5 FALSE 1084838 683584 683584 683584 659929 659929 659929 "NNNNNNNNCC" 360034.636478368 "C/GNNNNNC/GNNC/G" 64447.544062195
TRUE TRUE 2 0.05 3 7 FALSE 1084838 683584 683584 683584 659929 659929 659929 "NNNNNNNNCC" 360034.636478368 "C/GNNNNNC/GNNC/G" 64447.544062195
TRUE TRUE 2 0.05 5 1 FALSE 1084838 683584 683584 683584 673991 610824 610824 "NNNNNNNNCC" 355034.899136144 "C/GNNNNNC/GNNC/G" 60308.8769761038
TRUE TRUE 2 0.05 5 2 FALSE 1084838 683584 683584 683584 673991 630966 630966 "NNNNNNNNCC" 356642.721984022 "C/GNNNNNC/GNNC/G" 62299.117877691
TRUE TRUE 2 0.05 5 5 FALSE 1084838 683584 683584 683584 673991 672646 672646 "NNNNNNNNCC" 360954.271069398 "C/GNNC/GNNC/GNNC/G" 60322.964786016
TRUE TRUE 2 0.05 5 7 FALSE 1084838 683584 683584 683584 673991 673991 673991 "NNNNNNNNCC" 361182.562269573 "C/GNNC/GNNC/GNNC/G" 60396.2526050872
TRUE TRUE 2 0.5 0 1 FALSE 1084838 683584 683584 683584 565119 564956 564956 "NNNNNNNNCC" 348059.099290941 "C/GNNNNNC/GNNC/G" 58450.7360403182
TRUE TRUE 2 0.5 0 2 FALSE 1084838 683584 683584 683584 565119 565116 565116 "NNNNNNNNCC" 347981.133190139 "C/GNNNNNC/GNNC/G" 58492.3099089689
TRUE TRUE 2 0.5 0 5 FALSE 1084838 683584 683584 683584 565119 565119 565119 "NNNNNNNNCC" 347981.133190139 "C/GNNNNNC/GNNC/G" 58492.3099089689
TRUE TRUE 2 0.5 0 7 FALSE 1084838 683584 683584 683584 565119 565119 565119 "NNNNNNNNCC" 347981.133190139 "C/GNNNNNC/GNNC/G" 58492.3099089689
TRUE TRUE 2 0.5 1 1 FALSE 1084838 683584 683584 683584 587748 576388 576388 "NNNNNNNNCC" 352403.26684658 "C/GNNNNNC/GNNC/G" 59102.9732397002
TRUE TRUE 2 0.5 1 2 FALSE 1084838 683584 683584 683584 587748 587713 587713 "NNNNNNNNCC" 356704.986959792 "C/GNNNNNC/GNNC/G" 59850.3263169315
TRUE TRUE 2 0.5 1 5 FALSE 1084838 683584 683584 683584 587748 587748 587748 "NNNNNNNNCC" 356689.592933663 "C/GNNNNNC/GNNC/G" 59850.2099780217
TRUE TRUE 2 0.5 1 7 FALSE 1084838 683584 683584 683584 587748 587748 587748 "NNNNNNNNCC" 356689.592933663 "C/GNNNNNC/GNNC/G" 59850.2099780217
TRUE TRUE 2 0.5 3 1 FALSE 1084838 683584 683584 683584 659929 606873 606873 "NNNNNNNNCC" 354063.009717295 "C/GNNNNNC/GNNC/G" 60488.1657588867
TRUE TRUE 2 0.5 3 2 FALSE 1084838 683584 683584 683584 659929 624971 624971 "NNNNNNNNCC" 356068.852884986 "C/GNNNNNC/GNNC/G" 62265.5891542127
TRUE TRUE 2 0.5 3 5 FALSE 1084838 683584 683584 683584 659929 659929 659929 "NNNNNNNNCC" 360034.636478368 "C/GNNNNNC/GNNC/G" 64447.544062195
TRUE TRUE 2 0.5 3 7 FALSE 1084838 683584 683584 683584 659929 659929 659929 "NNNNNNNNCC" 360034.636478368 "C/GNNNNNC/GNNC/G" 64447.544062195
TRUE TRUE 2 0.5 5 1 FALSE 1084838 683584 683584 683584 673991 610824 610824 "NNNNNNNNCC" 355034.899136144 "C/GNNNNNC/GNNC/G" 60308.8769761038
TRUE TRUE 2 0.5 5 2 FALSE 1084838 683584 683584 683584 673991 630966 630966 "NNNNNNNNCC" 356642.721984022 "C/GNNNNNC/GNNC/G" 62299.117877691
TRUE TRUE 2 0.5 5 5 FALSE 1084838 683584 683584 683584 673991 672646 672646 "NNNNNNNNCC" 360954.271069398 "C/GNNC/GNNC/GNNC/G" 60322.964786016
TRUE TRUE 2 0.5 5 7 FALSE 1084838 683584 683584 683584 673991 673991 673991 "NNNNNNNNCC" 361182.562269573 "C/GNNC/GNNC/GNNC/G" 60396.2526050872
TRUE TRUE 2 1 0 1 FALSE 1084838 683584 683584 683584 565119 564956 564956 "NNNNNNNNCC" 348059.099290941 "C/GNNNNNC/GNNC/G" 58450.7360403182
TRUE TRUE 2 1 0 2 FALSE 1084838 683584 683584 683584 565119 565116 565116 "NNNNNNNNCC" 347981.133190139 "C/GNNNNNC/GNNC/G" 58492.3099089689
TRUE TRUE 2 1 0 5 FALSE 1084838 683584 683584 683584 565119 565119 565119 "NNNNNNNNCC" 347981.133190139 "C/GNNNNNC/GNNC/G" 58492.3099089689
TRUE TRUE 2 1 0 7 FALSE 1084838 683584 683584 683584 565119 565119 565119 "NNNNNNNNCC" 347981.133190139 "C/GNNNNNC/GNNC/G" 58492.3099089689
TRUE TRUE 2 1 1 1 FALSE 1084838 683584 683584 683584 587748 576388 576388 "NNNNNNNNCC" 352403.26684658 "C/GNNNNNC/GNNC/G" 59102.9732397002
TRUE TRUE 2 1 1 2 FALSE 1084838 683584 683584 683584 587748 587713 587713 "NNNNNNNNCC" 356704.986959792 "C/GNNNNNC/GNNC/G" 59850.3263169315
TRUE TRUE 2 1 1 5 FALSE 1084838 683584 683584 683584 587748 587748 587748 "NNNNNNNNCC" 356689.592933663 "C/GNNNNNC/GNNC/G" 59850.2099780217
TRUE TRUE 2 1 1 7 FALSE 1084838 683584 683584 683584 587748 587748 587748 "NNNNNNNNCC" 356689.592933663 "C/GNNNNNC/GNNC/G" 59850.2099780217
TRUE TRUE 2 1 3 1 FALSE 1084838 683584 683584 683584 659929 606873 606873 "NNNNNNNNCC" 354063.009717295 "C/GNNNNNC/GNNC/G" 60488.1657588867
TRUE TRUE 2 1 3 2 FALSE 1084838 683584 683584 683584 659929 624971 624971 "NNNNNNNNCC" 356068.852884986 "C/GNNNNNC/GNNC/G" 62265.5891542127
TRUE TRUE 2 1 3 5 FALSE 1084838 683584 683584 683584 659929 659929 659929 "NNNNNNNNCC" 360034.636478368 "C/GNNNNNC/GNNC/G" 64447.544062195
TRUE TRUE 2 1 3 7 FALSE 1084838 683584 683584 683584 659929 659929 659929 "NNNNNNNNCC" 360034.636478368 "C/GNNNNNC/GNNC/G" 64447.544062195
TRUE TRUE 2 1 5 1 FALSE 1084838 683584 683584 683584 673991 610824 610824 "NNNNNNNNCC" 355034.899136144 "C/GNNNNNC/GNNC/G" 60308.8769761038
TRUE TRUE 2 1 5 2 FALSE 1084838 683584 683584 683584 673991 630966 630966 "NNNNNNNNCC" 356642.721984022 "C/GNNNNNC/GNNC/G" 62299.117877691
TRUE TRUE 2 1 5 5 FALSE 1084838 683584 683584 683584 673991 672646 672646 "NNNNNNNNCC" 360954.271069398 "C/GNNC/GNNC/GNNC/G" 60322.964786016
TRUE TRUE 2 1 5 7 FALSE 1084838 683584 683584 683584 673991 673991 673991 "NNNNNNNNCC" 361182.562269573 "C/GNNC/GNNC/GNNC/G" 60396.2526050872
TRUE TRUE 3 0.01 0 1 FALSE 1084838 683584 683584 611759 535416 535409 535409 "NNNNNNNNCC" 340741.732821494 "C/GNNNNNC/GNNC/G" 55887.9564050402
TRUE TRUE 3 0.01 0 2 FALSE 1084838 683584 683584 611759 535416 535416 535416 "NNNNNNNNCC" 340728.185710322 "C/GNNNNNC/GNNC/G" 55886.317030263
TRUE TRUE 3 0.01 0 5 FALSE 1084838 683584 683584 611759 535416 535416 535416 "NNNNNNNNCC" 340728.185710322 "C/GNNNNNC/GNNC/G" 55886.317030263
TRUE TRUE 3 0.01 0 7 FALSE 1084838 683584 683584 611759 535416 535416 535416 "NNNNNNNNCC" 340728.185710322 "C/GNNNNNC/GNNC/G" 55886.317030263
TRUE TRUE 3 0.01 1 1 FALSE 1084838 683584 683584 611759 557051 546355 546355 "NNNNNNNNCC" 344728.58224159 "C/GNNNNNC/GNNC/G" 56469.7894996988
TRUE TRUE 3 0.01 1 2 FALSE 1084838 683584 683584 611759 557051 557051 557051 "NNNNNNNNCC" 348784.415030219 "C/GNNNNNC/GNNC/G" 57105.9983793685
TRUE TRUE 3 0.01 1 5 FALSE 1084838 683584 683584 611759 557051 557051 557051 "NNNNNNNNCC" 348784.415030219 "C/GNNNNNC/GNNC/G" 57105.9983793685
TRUE TRUE 3 0.01 1 7 FALSE 1084838 683584 683584 611759 557051 557051 557051 "NNNNNNNNCC" 348784.415030219 "C/GNNNNNC/GNNC/G" 57105.9983793685
TRUE TRUE 3 0.01 3 1 FALSE 1084838 683584 683584 611759 603060 567367 567367 "NNNNNNNNCC" 347439.917996862 "C/GNNNNNC/GNNC/G" 56172.0027418063
TRUE TRUE 3 0.01 3 2 FALSE 1084838 683584 683584 611759 603060 580463 580463 "NNNNNNNNCC" 352349.747514154 "C/GNNNNNC/GNNC/G" 57039.1726311095
TRUE TRUE 3 0.01 3 5 FALSE 1084838 683584 683584 611759 603060 603060 603060 "NNNNNNNNCC" 358637.147438016 "C/GNNC/GNNC/GNNC/G" 53559.2854572574
TRUE TRUE 3 0.01 3 7 FALSE 1084838 683584 683584 611759 603060 603060 603060 "NNNNNNNNCC" 358637.147438016 "C/GNNC/GNNC/GNNC/G" 53559.2854572574
TRUE TRUE 3 0.01 5 1 FALSE 1084838 683584 683584 611759 609914 569536 569536 "NNNNNNNNCC" 348433.579073888 "C/GNNC/GNNC/GNNC/G" 51812.9304249639
TRUE TRUE 3 0.01 5 2 FALSE 1084838 683584 683584 611759 609914 583558 583558 "NNNNNNNNCC" 353582.24053293 "C/GNNNNNC/GNNC/G" 56806.0739077674
TRUE TRUE 3 0.01 5 5 FALSE 1084838 683584 683584 611759 609914 609478 609478 "NNNNNNNNCC" 361237.285015506 "C/GNNC/GNNC/GNNC/G" 53458.218202869
TRUE TRUE 3 0.01 5 7 FALSE 1084838 683584 683584 611759 609914 609914 609914 "NNNNNNNNCC" 361272.561562801 "C/GNNC/GNNC/GNNC/G" 53455.9493060681
TRUE TRUE 3 0.05 0 1 FALSE 1084838 683584 683584 683584 565119 564956 564956 "NNNNNNNNCC" 348059.099290941 "C/GNNNNNC/GNNC/G" 58450.7360403182
TRUE TRUE 3 0.05 0 2 FALSE 1084838 683584 683584 683584 565119 565116 565116 "NNNNNNNNCC" 347981.133190139 "C/GNNNNNC/GNNC/G" 58492.3099089689
TRUE TRUE 3 0.05 0 5 FALSE 1084838 683584 683584 683584 565119 565119 565119 "NNNNNNNNCC" 347981.133190139 "C/GNNNNNC/GNNC/G" 58492.3099089689
TRUE TRUE 3 0.05 0 7 FALSE 1084838 683584 683584 683584 565119 565119 565119 "NNNNNNNNCC" 347981.133190139 "C/GNNNNNC/GNNC/G" 58492.3099089689
TRUE TRUE 3 0.05 1 1 FALSE 1084838 683584 683584 683584 587748 576388 576388 "NNNNNNNNCC" 352403.26684658 "C/GNNNNNC/GNNC/G" 59102.9732397002
TRUE TRUE 3 0.05 1 2 FALSE 1084838 683584 683584 683584 587748 587713 587713 "NNNNNNNNCC" 356704.986959792 "C/GNNNNNC/GNNC/G" 59850.3263169315
TRUE TRUE 3 0.05 1 5 FALSE 1084838 683584 683584 683584 587748 587748 587748 "NNNNNNNNCC" 356689.592933663 "C/GNNNNNC/GNNC/G" 59850.2099780217
TRUE TRUE 3 0.05 1 7 FALSE 1084838 683584 683584 683584 587748 587748 587748 "NNNNNNNNCC" 356689.592933663 "C/GNNNNNC/GNNC/G" 59850.2099780217
TRUE TRUE 3 0.05 3 1 FALSE 1084838 683584 683584 683584 659929 606873 606873 "NNNNNNNNCC" 354063.009717295 "C/GNNNNNC/GNNC/G" 60488.1657588867
TRUE TRUE 3 0.05 3 2 FALSE 1084838 683584 683584 683584 659929 624971 624971 "NNNNNNNNCC" 356068.852884986 "C/GNNNNNC/GNNC/G" 62265.5891542127
TRUE TRUE 3 0.05 3 5 FALSE 1084838 683584 683584 683584 659929 659929 659929 "NNNNNNNNCC" 360034.636478368 "C/GNNNNNC/GNNC/G" 64447.544062195
TRUE TRUE 3 0.05 3 7 FALSE 1084838 683584 683584 683584 659929 659929 659929 "NNNNNNNNCC" 360034.636478368 "C/GNNNNNC/GNNC/G" 64447.544062195
TRUE TRUE 3 0.05 5 1 FALSE 1084838 683584 683584 683584 673991 610824 610824 "NNNNNNNNCC" 355034.899136144 "C/GNNNNNC/GNNC/G" 60308.8769761038
TRUE TRUE 3 0.05 5 2 FALSE 1084838 683584 683584 683584 673991 630966 630966 "NNNNNNNNCC" 356642.721984022 "C/GNNNNNC/GNNC/G" 62299.117877691
TRUE TRUE 3 0.05 5 5 FALSE 1084838 683584 683584 683584 673991 672646 672646 "NNNNNNNNCC" 360954.271069398 "C/GNNC/GNNC/GNNC/G" 60322.964786016
TRUE TRUE 3 0.05 5 7 FALSE 1084838 683584 683584 683584 673991 673991 673991 "NNNNNNNNCC" 361182.562269573 "C/GNNC/GNNC/GNNC/G" 60396.2526050872
TRUE TRUE 3 0.5 0 1 FALSE 1084838 683584 683584 683584 565119 564956 564956 "NNNNNNNNCC" 348059.099290941 "C/GNNNNNC/GNNC/G" 58450.7360403182
TRUE TRUE 3 0.5 0 2 FALSE 1084838 683584 683584 683584 565119 565116 565116 "NNNNNNNNCC" 347981.133190139 "C/GNNNNNC/GNNC/G" 58492.3099089689
TRUE TRUE 3 0.5 0 5 FALSE 1084838 683584 683584 683584 565119 565119 565119 "NNNNNNNNCC" 347981.133190139 "C/GNNNNNC/GNNC/G" 58492.3099089689
TRUE TRUE 3 0.5 0 7 FALSE 1084838 683584 683584 683584 565119 565119 565119 "NNNNNNNNCC" 347981.133190139 "C/GNNNNNC/GNNC/G" 58492.3099089689
TRUE TRUE 3 0.5 1 1 FALSE 1084838 683584 683584 683584 587748 576388 576388 "NNNNNNNNCC" 352403.26684658 "C/GNNNNNC/GNNC/G" 59102.9732397002
TRUE TRUE 3 0.5 1 2 FALSE 1084838 683584 683584 683584 587748 587713 587713 "NNNNNNNNCC" 356704.986959792 "C/GNNNNNC/GNNC/G" 59850.3263169315
TRUE TRUE 3 0.5 1 5 FALSE 1084838 683584 683584 683584 587748 587748 587748 "NNNNNNNNCC" 356689.592933663 "C/GNNNNNC/GNNC/G" 59850.2099780217
TRUE TRUE 3 0.5 1 7 FALSE 1084838 683584 683584 683584 587748 587748 587748 "NNNNNNNNCC" 356689.592933663 "C/GNNNNNC/GNNC/G" 59850.2099780217
TRUE TRUE 3 0.5 3 1 FALSE 1084838 683584 683584 683584 659929 606873 606873 "NNNNNNNNCC" 354063.009717295 "C/GNNNNNC/GNNC/G" 60488.1657588867
TRUE TRUE 3 0.5 3 2 FALSE 1084838 683584 683584 683584 659929 624971 624971 "NNNNNNNNCC" 356068.852884986 "C/GNNNNNC/GNNC/G" 62265.5891542127
TRUE TRUE 3 0.5 3 5 FALSE 1084838 683584 683584 683584 659929 659929 659929 "NNNNNNNNCC" 360034.636478368 "C/GNNNNNC/GNNC/G" 64447.544062195
TRUE TRUE 3 0.5 3 7 FALSE 1084838 683584 683584 683584 659929 659929 659929 "NNNNNNNNCC" 360034.636478368 "C/GNNNNNC/GNNC/G" 64447.544062195
TRUE TRUE 3 0.5 5 1 FALSE 1084838 683584 683584 683584 673991 610824 610824 "NNNNNNNNCC" 355034.899136144 "C/GNNNNNC/GNNC/G" 60308.8769761038
TRUE TRUE 3 0.5 5 2 FALSE 1084838 683584 683584 683584 673991 630966 630966 "NNNNNNNNCC" 356642.721984022 "C/GNNNNNC/GNNC/G" 62299.117877691
TRUE TRUE 3 0.5 5 5 FALSE 1084838 683584 683584 683584 673991 672646 672646 "NNNNNNNNCC" 360954.271069398 "C/GNNC/GNNC/GNNC/G" 60322.964786016
TRUE TRUE 3 0.5 5 7 FALSE 1084838 683584 683584 683584 673991 673991 673991 "NNNNNNNNCC" 361182.562269573 "C/GNNC/GNNC/GNNC/G" 60396.2526050872
TRUE TRUE 3 1 0 1 FALSE 1084838 683584 683584 683584 565119 564956 564956 "NNNNNNNNCC" 348059.099290941 "C/GNNNNNC/GNNC/G" 58450.7360403182
TRUE TRUE 3 1 0 2 FALSE 1084838 683584 683584 683584 565119 565116 565116 "NNNNNNNNCC" 347981.133190139 "C/GNNNNNC/GNNC/G" 58492.3099089689
TRUE TRUE 3 1 0 5 FALSE 1084838 683584 683584 683584 565119 565119 565119 "NNNNNNNNCC" 347981.133190139 "C/GNNNNNC/GNNC/G" 58492.3099089689
TRUE TRUE 3 1 0 7 FALSE 1084838 683584 683584 683584 565119 565119 565119 "NNNNNNNNCC" 347981.133190139 "C/GNNNNNC/GNNC/G" 58492.3099089689
TRUE TRUE 3 1 1 1 FALSE 1084838 683584 683584 683584 587748 576388 576388 "NNNNNNNNCC" 352403.26684658 "C/GNNNNNC/GNNC/G" 59102.9732397002
TRUE TRUE 3 1 1 2 FALSE 1084838 683584 683584 683584 587748 587713 587713 "NNNNNNNNCC" 356704.986959792 "C/GNNNNNC/GNNC/G" 59850.3263169315
TRUE TRUE 3 1 1 5 FALSE 1084838 683584 683584 683584 587748 587748 587748 "NNNNNNNNCC" 356689.592933663 "C/GNNNNNC/GNNC/G" 59850.2099780217
TRUE TRUE 3 1 1 7 FALSE 1084838 683584 683584 683584 587748 587748 587748 "NNNNNNNNCC" 356689.592933663 "C/GNNNNNC/GNNC/G" 59850.2099780217
TRUE TRUE 3 1 3 1 FALSE 1084838 683584 683584 683584 659929 606873 606873 "NNNNNNNNCC" 354063.009717295 "C/GNNNNNC/GNNC/G" 60488.1657588867
TRUE TRUE 3 1 3 2 FALSE 1084838 683584 683584 683584 659929 624971 624971 "NNNNNNNNCC" 356068.852884986 "C/GNNNNNC/GNNC/G" 62265.5891542127
TRUE TRUE 3 1 3 5 FALSE 1084838 683584 683584 683584 659929 659929 659929 "NNNNNNNNCC" 360034.636478368 "C/GNNNNNC/GNNC/G" 64447.544062195
TRUE TRUE 3 1 3 7 FALSE 1084838 683584 683584 683584 659929 659929 659929 "NNNNNNNNCC" 360034.636478368 "C/GNNNNNC/GNNC/G" 64447.544062195
TRUE TRUE 3 1 5 1 FALSE 1084838 683584 683584 683584 673991 610824 610824 "NNNNNNNNCC" 355034.899136144 "C/GNNNNNC/GNNC/G" 60308.8769761038
TRUE TRUE 3 1 5 2 FALSE 1084838 683584 683584 683584 673991 630966 630966 "NNNNNNNNCC" 356642.721984022 "C/GNNNNNC/GNNC/G" 62299.117877691
TRUE TRUE 3 1 5 5 FALSE 1084838 683584 683584 683584 673991 672646 672646 "NNNNNNNNCC" 360954.271069398 "C/GNNC/GNNC/GNNC/G" 60322.964786016
TRUE TRUE 3 1 5 7 FALSE 1084838 683584 683584 683584 673991 673991 673991 "NNNNNNNNCC" 361182.562269573 "C/GNNC/GNNC/GNNC/G" 60396.2526050872
TRUE TRUE 0 0.01 0 1 FALSE 1084838 683584 677452 610673 534345 534345 534345 "NNNNNNNNCC" 340414.265097014 "C/GNNNNNC/GNNC/G" 55911.2967941821
TRUE TRUE 0 0.01 0 2 FALSE 1084838 683584 677452 610673 534345 534345 534345 "NNNNNNNNCC" 340414.265097014 "C/GNNNNNC/GNNC/G" 55911.2967941821
TRUE TRUE 0 0.01 0 5 FALSE 1084838 683584 677452 610673 534345 534345 534345 "NNNNNNNNCC" 340414.265097014 "C/GNNNNNC/GNNC/G" 55911.2967941821
TRUE TRUE 0 0.01 0 7 FALSE 1084838 683584 677452 610673 534345 534345 534345 "NNNNNNNNCC" 340414.265097014 "C/GNNNNNC/GNNC/G" 55911.2967941821
TRUE TRUE 0 0.01 1 1 FALSE 1084838 683584 677452 610673 555973 545290 545290 "NNNNNNNNCC" 344394.252750483 "C/GNNNNNC/GNNC/G" 56492.7372530106
TRUE TRUE 0 0.01 1 2 FALSE 1084838 683584 677452 610673 555973 555973 555973 "NNNNNNNNCC" 348466.254965372 "C/GNNNNNC/GNNC/G" 57132.1737783551
TRUE TRUE 0 0.01 1 5 FALSE 1084838 683584 677452 610673 555973 555973 555973 "NNNNNNNNCC" 348466.254965372 "C/GNNNNNC/GNNC/G" 57132.1737783551
TRUE TRUE 0 0.01 1 7 FALSE 1084838 683584 677452 610673 555973 555973 555973 "NNNNNNNNCC" 348466.254965372 "C/GNNNNNC/GNNC/G" 57132.1737783551
TRUE TRUE 0 0.01 3 1 FALSE 1084838 683584 677452 610673 601974 566302 566302 "NNNNNNNNCC" 347096.529946978 "C/GNNNNNC/GNNC/G" 56188.4059607472
TRUE TRUE 0 0.01 3 2 FALSE 1084838 683584 677452 610673 601974 579385 579385 "NNNNNNNNCC" 352021.617733676 "C/GNNNNNC/GNNC/G" 57057.9479583417
TRUE TRUE 0 0.01 3 5 FALSE 1084838 683584 677452 610673 601974 601974 601974 "NNNNNNNNCC" 358308.923964149 "C/GNNC/GNNC/GNNC/G" 53612.319913527
TRUE TRUE 0 0.01 3 7 FALSE 1084838 683584 677452 610673 601974 601974 601974 "NNNNNNNNCC" 358308.923964149 "C/GNNC/GNNC/GNNC/G" 53612.319913527
TRUE TRUE 0 0.01 5 1 FALSE 1084838 683584 677452 610673 608828 568471 568471 "NNNNNNNNCC" 348089.889072165 "C/GNNC/GNNC/GNNC/G" 51869.5250714082
TRUE TRUE 0 0.01 5 2 FALSE 1084838 683584 677452 610673 608828 582480 582480 "NNNNNNNNCC" 353253.442476583 "C/GNNNNNC/GNNC/G" 56823.798973815
TRUE TRUE 0 0.01 5 5 FALSE 1084838 683584 677452 610673 608828 608392 608392 "NNNNNNNNCC" 360907.818890821 "C/GNNC/GNNC/GNNC/G" 53510.075178915
TRUE TRUE 0 0.01 5 7 FALSE 1084838 683584 677452 610673 608828 608828 608828 "NNNNNNNNCC" 360942.961707223 "C/GNNC/GNNC/GNNC/G" 53507.8647037556
TRUE TRUE 0 0.05 0 1 FALSE 1084838 683584 677452 677452 559156 559156 559156 "NNNNNNNNCC" 348284.382928103 "C/GNNNNNC/GNNC/G" 58465.0062367804
TRUE TRUE 0 0.05 0 2 FALSE 1084838 683584 677452 677452 559156 559156 559156 "NNNNNNNNCC" 348284.382928103 "C/GNNNNNC/GNNC/G" 58465.0062367804
TRUE TRUE 0 0.05 0 5 FALSE 1084838 683584 677452 677452 559156 559156 559156 "NNNNNNNNCC" 348284.382928103 "C/GNNNNNC/GNNC/G" 58465.0062367804
TRUE TRUE 0 0.05 0 7 FALSE 1084838 683584 677452 677452 559156 559156 559156 "NNNNNNNNCC" 348284.382928103 "C/GNNNNNC/GNNC/G" 58465.0062367804
TRUE TRUE 0 0.05 1 1 FALSE 1084838 683584 677452 677452 581701 570553 570553 "NNNNNNNNCC" 352599.779514066 "C/GNNNNNC/GNNC/G" 59104.3736665065
TRUE TRUE 0 0.05 1 2 FALSE 1084838 683584 677452 677452 581701 581701 581701 "NNNNNNNNCC" 356960.839937606 "C/GNNNNNC/GNNC/G" 59806.1201619875
TRUE TRUE 0 0.05 1 5 FALSE 1084838 683584 677452 677452 581701 581701 581701 "NNNNNNNNCC" 356960.839937606 "C/GNNNNNC/GNNC/G" 59806.1201619875
TRUE TRUE 0 0.05 1 7 FALSE 1084838 683584 677452 677452 581701 581701 581701 "NNNNNNNNCC" 356960.839937606 "C/GNNNNNC/GNNC/G" 59806.1201619875
TRUE TRUE 0 0.05 3 1 FALSE 1084838 683584 677452 677452 653797 601022 601022 "NNNNNNNNCC" 354162.716517178 "C/GNNC/GNNC/GNNC/G" 56101.4456320941
TRUE TRUE 0 0.05 3 2 FALSE 1084838 683584 677452 677452 653797 618932 618932 "NNNNNNNNCC" 356162.362542817 "C/GNNC/GNNC/GNNC/G" 57561.5896421671
TRUE TRUE 0 0.05 3 5 FALSE 1084838 683584 677452 677452 653797 653797 653797 "NNNNNNNNCC" 360047.855299023 "C/GNNC/GNNC/GNNC/G" 59894.3432110556
TRUE TRUE 0 0.05 3 7 FALSE 1084838 683584 677452 677452 653797 653797 653797 "NNNNNNNNCC" 360047.855299023 "C/GNNC/GNNC/GNNC/G" 59894.3432110556
TRUE TRUE 0 0.05 5 1 FALSE 1084838 683584 677452 677452 667859 604973 604973 "NNNNNNNNCC" 355127.164846574 "C/GNNC/GNNC/GNNC/G" 56147.9748348762
TRUE TRUE 0 0.05 5 2 FALSE 1084838 683584 677452 677452 667859 624927 624927 "NNNNNNNNCC" 356723.141221915 "C/GNNC/GNNC/GNNC/G" 57884.7635188185
TRUE TRUE 0 0.05 5 5 FALSE 1084838 683584 677452 677452 667859 666514 666514 "NNNNNNNNCC" 360944.362306503 "C/GNNC/GNNC/GNNN" 65367.9091344307
TRUE TRUE 0 0.05 5 7 FALSE 1084838 683584 677452 677452 667859 667859 667859 "NNNNNNNNCC" 361168.640035353 "C/GNNC/GNNC/GNNN" 65492.3253554398
TRUE TRUE 0 0.5 0 1 FALSE 1084838 683584 677452 677452 559156 559156 559156 "NNNNNNNNCC" 348284.382928103 "C/GNNNNNC/GNNC/G" 58465.0062367804
TRUE TRUE 0 0.5 0 2 FALSE 1084838 683584 677452 677452 559156 559156 559156 "NNNNNNNNCC" 348284.382928103 "C/GNNNNNC/GNNC/G" 58465.0062367804
TRUE TRUE 0 0.5 0 5 FALSE 1084838 683584 677452 677452 559156 559156 559156 "NNNNNNNNCC" 348284.382928103 "C/GNNNNNC/GNNC/G" 58465.0062367804
TRUE TRUE 0 0.5 0 7 FALSE 1084838 683584 677452 677452 559156 559156 559156 "NNNNNNNNCC" 348284.382928103 "C/GNNNNNC/GNNC/G" 58465.0062367804
TRUE TRUE 0 0.5 1 1 FALSE 1084838 683584 677452 677452 581701 570553 570553 "NNNNNNNNCC" 352599.779514066 "C/GNNNNNC/GNNC/G" 59104.3736665065
TRUE TRUE 0 0.5 1 2 FALSE 1084838 683584 677452 677452 581701 581701 581701 "NNNNNNNNCC" 356960.839937606 "C/GNNNNNC/GNNC/G" 59806.1201619875
TRUE TRUE 0 0.5 1 5 FALSE 1084838 683584 677452 677452 581701 581701 581701 "NNNNNNNNCC" 356960.839937606 "C/GNNNNNC/GNNC/G" 59806.1201619875
TRUE TRUE 0 0.5 1 7 FALSE 1084838 683584 677452 677452 581701 581701 581701 "NNNNNNNNCC" 356960.839937606 "C/GNNNNNC/GNNC/G" 59806.1201619875
TRUE TRUE 0 0.5 3 1 FALSE 1084838 683584 677452 677452 653797 601022 601022 "NNNNNNNNCC" 354162.716517178 "C/GNNC/GNNC/GNNC/G" 56101.4456320941
TRUE TRUE 0 0.5 3 2 FALSE 1084838 683584 677452 677452 653797 618932 618932 "NNNNNNNNCC" 356162.362542817 "C/GNNC/GNNC/GNNC/G" 57561.5896421671
TRUE TRUE 0 0.5 3 5 FALSE 1084838 683584 677452 677452 653797 653797 653797 "NNNNNNNNCC" 360047.855299023 "C/GNNC/GNNC/GNNC/G" 59894.3432110556
TRUE TRUE 0 0.5 3 7 FALSE 1084838 683584 677452 677452 653797 653797 653797 "NNNNNNNNCC" 360047.855299023 "C/GNNC/GNNC/GNNC/G" 59894.3432110556
TRUE TRUE 0 0.5 5 1 FALSE 1084838 683584 677452 677452 667859 604973 604973 "NNNNNNNNCC" 355127.164846574 "C/GNNC/GNNC/GNNC/G" 56147.9748348762
TRUE TRUE 0 0.5 5 2 FALSE 1084838 683584 677452 677452 667859 624927 624927 "NNNNNNNNCC" 356723.141221915 "C/GNNC/GNNC/GNNC/G" 57884.7635188185
TRUE TRUE 0 0.5 5 5 FALSE 1084838 683584 677452 677452 667859 666514 666514 "NNNNNNNNCC" 360944.362306503 "C/GNNC/GNNC/GNNN" 65367.9091344307
TRUE TRUE 0 0.5 5 7 FALSE 1084838 683584 677452 677452 667859 667859 667859 "NNNNNNNNCC" 361168.640035353 "C/GNNC/GNNC/GNNN" 65492.3253554398
TRUE TRUE 0 1 0 1 FALSE 1084838 683584 677452 677452 559156 559156 559156 "NNNNNNNNCC" 348284.382928103 "C/GNNNNNC/GNNC/G" 58465.0062367804
TRUE TRUE 0 1 0 2 FALSE 1084838 683584 677452 677452 559156 559156 559156 "NNNNNNNNCC" 348284.382928103 "C/GNNNNNC/GNNC/G" 58465.0062367804
TRUE TRUE 0 1 0 5 FALSE 1084838 683584 677452 677452 559156 559156 559156 "NNNNNNNNCC" 348284.382928103 "C/GNNNNNC/GNNC/G" 58465.0062367804
TRUE TRUE 0 1 0 7 FALSE 1084838 683584 677452 677452 559156 559156 559156 "NNNNNNNNCC" 348284.382928103 "C/GNNNNNC/GNNC/G" 58465.0062367804
TRUE TRUE 0 1 1 1 FALSE 1084838 683584 677452 677452 581701 570553 570553 "NNNNNNNNCC" 352599.779514066 "C/GNNNNNC/GNNC/G" 59104.3736665065
TRUE TRUE 0 1 1 2 FALSE 1084838 683584 677452 677452 581701 581701 581701 "NNNNNNNNCC" 356960.839937606 "C/GNNNNNC/GNNC/G" 59806.1201619875
TRUE TRUE 0 1 1 5 FALSE 1084838 683584 677452 677452 581701 581701 581701 "NNNNNNNNCC" 356960.839937606 "C/GNNNNNC/GNNC/G" 59806.1201619875
TRUE TRUE 0 1 1 7 FALSE 1084838 683584 677452 677452 581701 581701 581701 "NNNNNNNNCC" 356960.839937606 "C/GNNNNNC/GNNC/G" 59806.1201619875
TRUE TRUE 0 1 3 1 FALSE 1084838 683584 677452 677452 653797 601022 601022 "NNNNNNNNCC" 354162.716517178 "C/GNNC/GNNC/GNNC/G" 56101.4456320941
TRUE TRUE 0 1 3 2 FALSE 1084838 683584 677452 677452 653797 618932 618932 "NNNNNNNNCC" 356162.362542817 "C/GNNC/GNNC/GNNC/G" 57561.5896421671
TRUE TRUE 0 1 3 5 FALSE 1084838 683584 677452 677452 653797 653797 653797 "NNNNNNNNCC" 360047.855299023 "C/GNNC/GNNC/GNNC/G" 59894.3432110556
TRUE TRUE 0 1 3 7 FALSE 1084838 683584 677452 677452 653797 653797 653797 "NNNNNNNNCC" 360047.855299023 "C/GNNC/GNNC/GNNC/G" 59894.3432110556
TRUE TRUE 0 1 5 1 FALSE 1084838 683584 677452 677452 667859 604973 604973 "NNNNNNNNCC" 355127.164846574 "C/GNNC/GNNC/GNNC/G" 56147.9748348762
TRUE TRUE 0 1 5 2 FALSE 1084838 683584 677452 677452 667859 624927 624927 "NNNNNNNNCC" 356723.141221915 "C/GNNC/GNNC/GNNC/G" 57884.7635188185
TRUE TRUE 0 1 5 5 FALSE 1084838 683584 677452 677452 667859 666514 666514 "NNNNNNNNCC" 360944.362306503 "C/GNNC/GNNC/GNNN" 65367.9091344307
TRUE TRUE 0 1 5 7 FALSE 1084838 683584 677452 677452 667859 667859 667859 "NNNNNNNNCC" 361168.640035353 "C/GNNC/GNNC/GNNN" 65492.3253554398
