"uniqueAligns" "excludeSelf" "numGaps" "e.value" "nucleotidesShorterThanProtospacer" "queryStart" "prophageOnly" "Filter0" "Filter1" "Filter2" "Filter3" "Filter4" "Filter5" "Filter6" "upPAM" "upScore" "downPAM" "downScore"
TRUE TRUE 0 0.01 0 1 FALSE 51350 35926 35834 32281 26738 26738 26738 "NNNNNNNTTC" 17215.7479190334 "C/GC/GNNNNNNNN" 3599.40751471553
TRUE TRUE 0 0.01 0 2 FALSE 51350 35926 35834 32281 26738 26738 26738 "NNNNNNNTTC" 17215.7479190334 "C/GC/GNNNNNNNN" 3599.40751471553
TRUE TRUE 0 0.01 0 5 FALSE 51350 35926 35834 32281 26738 26738 26738 "NNNNNNNTTC" 17215.7479190334 "C/GC/GNNNNNNNN" 3599.40751471553
TRUE TRUE 0 0.01 0 7 FALSE 51350 35926 35834 32281 26738 26738 26738 "NNNNNNNTTC" 17215.7479190334 "C/GC/GNNNNNNNN" 3599.40751471553
TRUE TRUE 0 0.01 1 1 FALSE 51350 35926 35834 32281 27600 27174 27174 "NNNNNNNTTC" 17391.7060933913 "C/GC/GNNNNNNNN" 3531.66514035155
TRUE TRUE 0 0.01 1 2 FALSE 51350 35926 35834 32281 27600 27600 27600 "NNNNNNNTTC" 17608.3211576981 "C/GC/GNNNNNNNN" 3473.37448813778
TRUE TRUE 0 0.01 1 5 FALSE 51350 35926 35834 32281 27600 27600 27600 "NNNNNNNTTC" 17608.3211576981 "C/GC/GNNNNNNNN" 3473.37448813778
TRUE TRUE 0 0.01 1 7 FALSE 51350 35926 35834 32281 27600 27600 27600 "NNNNNNNTTC" 17608.3211576981 "C/GC/GNNNNNNNN" 3473.37448813778
TRUE TRUE 0 0.01 3 1 FALSE 51350 35926 35834 32281 31083 28743 28743 "NNNNNNNTTC" 17779.5852532191 "C/GC/GNNNNNNNN" 3717.00585882825
TRUE TRUE 0 0.01 3 2 FALSE 51350 35926 35834 32281 31083 29434 29434 "NNNNNNNTTC" 17835.6986923431 "C/GC/GNNNNNNNN" 3644.24321659688
TRUE TRUE 0 0.01 3 5 FALSE 51350 35926 35834 32281 31083 31083 31083 "NNNNNNNTTC" 18179.6225459284 "C/GC/GNNNNNNNN" 3745.13130733646
TRUE TRUE 0 0.01 3 7 FALSE 51350 35926 35834 32281 31083 31083 31083 "NNNNNNNTTC" 18179.6225459284 "C/GC/GNNNNNNNN" 3745.13130733646
TRUE TRUE 0 0.01 5 1 FALSE 51350 35926 35834 32281 31948 28956 28956 "NNNNNNNTTC" 17743.9810830175 "C/GC/GNNNNNNNN" 3705.44045887358
TRUE TRUE 0 0.01 5 2 FALSE 51350 35926 35834 32281 31948 29877 29877 "NNNNNNNTTC" 17731.739276023 "C/GC/GNNNNNNNN" 3605.62018236542
TRUE TRUE 0 0.01 5 5 FALSE 51350 35926 35834 32281 31948 31813 31813 "NNNNNNNTTC" 18099.219658376 "C/GC/GNNNNNNNN" 3667.53700054768
TRUE TRUE 0 0.01 5 7 FALSE 51350 35926 35834 32281 31948 31948 31948 "NNNNNNNTTC" 18025.5318738833 "C/GC/GNNNNNNNN" 3650.80428349611
TRUE TRUE 0 0.05 0 1 FALSE 51350 35926 35834 35834 28055 28055 28055 "NNNNNNNTTC" 17900.4792316021 "C/GC/GNNNNNNNN" 3305.3647308785
TRUE TRUE 0 0.05 0 2 FALSE 51350 35926 35834 35834 28055 28055 28055 "NNNNNNNTTC" 17900.4792316021 "C/GC/GNNNNNNNN" 3305.3647308785
TRUE TRUE 0 0.05 0 5 FALSE 51350 35926 35834 35834 28055 28055 28055 "NNNNNNNTTC" 17900.4792316021 "C/GC/GNNNNNNNN" 3305.3647308785
TRUE TRUE 0 0.05 0 7 FALSE 51350 35926 35834 35834 28055 28055 28055 "NNNNNNNTTC" 17900.4792316021 "C/GC/GNNNNNNNN" 3305.3647308785
TRUE TRUE 0 0.05 1 1 FALSE 51350 35926 35834 35834 29247 28642 28642 "NNNNNNNTTC" 18086.8490021414 "C/GC/GNNNNNNNN" 3243.27423713465
TRUE TRUE 0 0.05 1 2 FALSE 51350 35926 35834 35834 29247 29247 29247 "NNNNNNNTTC" 18348.3243702938 "C/GC/GNNNNNNNN" 3186.57409828256
TRUE TRUE 0 0.05 1 5 FALSE 51350 35926 35834 35834 29247 29247 29247 "NNNNNNNTTC" 18348.3243702938 "C/GC/GNNNNNNNN" 3186.57409828256
TRUE TRUE 0 0.05 1 7 FALSE 51350 35926 35834 35834 29247 29247 29247 "NNNNNNNTTC" 18348.3243702938 "C/GC/GNNNNNNNN" 3186.57409828256
TRUE TRUE 0 0.05 3 1 FALSE 51350 35926 35834 35834 33430 30437 30437 "NNNNNNNTTC" 18493.42569131 "C/GC/GNNNNNNNN" 3461.56613862593
TRUE TRUE 0 0.05 3 2 FALSE 51350 35926 35834 35834 33430 31355 31355 "NNNNNNNTTC" 18577.708048545 "C/GC/GNNNNNNNN" 3393.38015735351
TRUE TRUE 0 0.05 3 5 FALSE 51350 35926 35834 35834 33430 33430 33430 "NNNNNNNTTC" 19007.4684863814 "C/GC/GNNNNNNNN" 3525.00078492379
TRUE TRUE 0 0.05 3 7 FALSE 51350 35926 35834 35834 33430 33430 33430 "NNNNNNNTTC" 19007.4684863814 "C/GC/GNNNNNNNN" 3525.00078492379
TRUE TRUE 0 0.05 5 1 FALSE 51350 35926 35834 35834 34655 30724 30724 "NNNNNNNTTC" 18455.5621960043 "C/GC/GNNNNNNNN" 3460.67141697725
TRUE TRUE 0 0.05 5 2 FALSE 51350 35926 35834 35834 34655 31898 31898 "NNNNNNNTTC" 18473.8039497572 "C/GC/GNNNNNNNN" 3378.40861279353
TRUE TRUE 0 0.05 5 5 FALSE 51350 35926 35834 35834 34655 34438 34438 "NNNNNNNTTC" 18881.7655203816 "C/GC/GNNNNNNNN" 3489.45662985858
TRUE TRUE 0 0.05 5 7 FALSE 51350 35926 35834 35834 34655 34655 34655 "NNNNNNNTTC" 18811.4413134181 "C/GC/GNNNNNNNN" 3486.5379465813
TRUE TRUE 0 0.5 0 1 FALSE 51350 35926 35834 35834 28055 28055 28055 "NNNNNNNTTC" 17900.4792316021 "C/GC/GNNNNNNNN" 3305.3647308785
TRUE TRUE 0 0.5 0 2 FALSE 51350 35926 35834 35834 28055 28055 28055 "NNNNNNNTTC" 17900.4792316021 "C/GC/GNNNNNNNN" 3305.3647308785
TRUE TRUE 0 0.5 0 5 FALSE 51350 35926 35834 35834 28055 28055 28055 "NNNNNNNTTC" 17900.4792316021 "C/GC/GNNNNNNNN" 3305.3647308785
TRUE TRUE 0 0.5 0 7 FALSE 51350 35926 35834 35834 28055 28055 28055 "NNNNNNNTTC" 17900.4792316021 "C/GC/GNNNNNNNN" 3305.3647308785
TRUE TRUE 0 0.5 1 1 FALSE 51350 35926 35834 35834 29247 28642 28642 "NNNNNNNTTC" 18086.8490021414 "C/GC/GNNNNNNNN" 3243.27423713465
TRUE TRUE 0 0.5 1 2 FALSE 51350 35926 35834 35834 29247 29247 29247 "NNNNNNNTTC" 18348.3243702938 "C/GC/GNNNNNNNN" 3186.57409828256
TRUE TRUE 0 0.5 1 5 FALSE 51350 35926 35834 35834 29247 29247 29247 "NNNNNNNTTC" 18348.3243702938 "C/GC/GNNNNNNNN" 3186.57409828256
TRUE TRUE 0 0.5 1 7 FALSE 51350 35926 35834 35834 29247 29247 29247 "NNNNNNNTTC" 18348.3243702938 "C/GC/GNNNNNNNN" 3186.57409828256
TRUE TRUE 0 0.5 3 1 FALSE 51350 35926 35834 35834 33430 30437 30437 "NNNNNNNTTC" 18493.42569131 "C/GC/GNNNNNNNN" 3461.56613862593
TRUE TRUE 0 0.5 3 2 FALSE 51350 35926 35834 35834 33430 31355 31355 "NNNNNNNTTC" 18577.708048545 "C/GC/GNNNNNNNN" 3393.38015735351
TRUE TRUE 0 0.5 3 5 FALSE 51350 35926 35834 35834 33430 33430 33430 "NNNNNNNTTC" 19007.4684863814 "C/GC/GNNNNNNNN" 3525.00078492379
TRUE TRUE 0 0.5 3 7 FALSE 51350 35926 35834 35834 33430 33430 33430 "NNNNNNNTTC" 19007.4684863814 "C/GC/GNNNNNNNN" 3525.00078492379
TRUE TRUE 0 0.5 5 1 FALSE 51350 35926 35834 35834 34655 30724 30724 "NNNNNNNTTC" 18455.5621960043 "C/GC/GNNNNNNNN" 3460.67141697725
TRUE TRUE 0 0.5 5 2 FALSE 51350 35926 35834 35834 34655 31898 31898 "NNNNNNNTTC" 18473.8039497572 "C/GC/GNNNNNNNN" 3378.40861279353
TRUE TRUE 0 0.5 5 5 FALSE 51350 35926 35834 35834 34655 34438 34438 "NNNNNNNTTC" 18881.7655203816 "C/GC/GNNNNNNNN" 3489.45662985858
TRUE TRUE 0 0.5 5 7 FALSE 51350 35926 35834 35834 34655 34655 34655 "NNNNNNNTTC" 18811.4413134181 "C/GC/GNNNNNNNN" 3486.5379465813
TRUE TRUE 0 1 0 1 FALSE 51350 35926 35834 35834 28055 28055 28055 "NNNNNNNTTC" 17900.4792316021 "C/GC/GNNNNNNNN" 3305.3647308785
TRUE TRUE 0 1 0 2 FALSE 51350 35926 35834 35834 28055 28055 28055 "NNNNNNNTTC" 17900.4792316021 "C/GC/GNNNNNNNN" 3305.3647308785
TRUE TRUE 0 1 0 5 FALSE 51350 35926 35834 35834 28055 28055 28055 "NNNNNNNTTC" 17900.4792316021 "C/GC/GNNNNNNNN" 3305.3647308785
TRUE TRUE 0 1 0 7 FALSE 51350 35926 35834 35834 28055 28055 28055 "NNNNNNNTTC" 17900.4792316021 "C/GC/GNNNNNNNN" 3305.3647308785
TRUE TRUE 0 1 1 1 FALSE 51350 35926 35834 35834 29247 28642 28642 "NNNNNNNTTC" 18086.8490021414 "C/GC/GNNNNNNNN" 3243.27423713465
TRUE TRUE 0 1 1 2 FALSE 51350 35926 35834 35834 29247 29247 29247 "NNNNNNNTTC" 18348.3243702938 "C/GC/GNNNNNNNN" 3186.57409828256
TRUE TRUE 0 1 1 5 FALSE 51350 35926 35834 35834 29247 29247 29247 "NNNNNNNTTC" 18348.3243702938 "C/GC/GNNNNNNNN" 3186.57409828256
TRUE TRUE 0 1 1 7 FALSE 51350 35926 35834 35834 29247 29247 29247 "NNNNNNNTTC" 18348.3243702938 "C/GC/GNNNNNNNN" 3186.57409828256
TRUE TRUE 0 1 3 1 FALSE 51350 35926 35834 35834 33430 30437 30437 "NNNNNNNTTC" 18493.42569131 "C/GC/GNNNNNNNN" 3461.56613862593
TRUE TRUE 0 1 3 2 FALSE 51350 35926 35834 35834 33430 31355 31355 "NNNNNNNTTC" 18577.708048545 "C/GC/GNNNNNNNN" 3393.38015735351
TRUE TRUE 0 1 3 5 FALSE 51350 35926 35834 35834 33430 33430 33430 "NNNNNNNTTC" 19007.4684863814 "C/GC/GNNNNNNNN" 3525.00078492379
TRUE TRUE 0 1 3 7 FALSE 51350 35926 35834 35834 33430 33430 33430 "NNNNNNNTTC" 19007.4684863814 "C/GC/GNNNNNNNN" 3525.00078492379
TRUE TRUE 0 1 5 1 FALSE 51350 35926 35834 35834 34655 30724 30724 "NNNNNNNTTC" 18455.5621960043 "C/GC/GNNNNNNNN" 3460.67141697725
TRUE TRUE 0 1 5 2 FALSE 51350 35926 35834 35834 34655 31898 31898 "NNNNNNNTTC" 18473.8039497572 "C/GC/GNNNNNNNN" 3378.40861279353
TRUE TRUE 0 1 5 5 FALSE 51350 35926 35834 35834 34655 34438 34438 "NNNNNNNTTC" 18881.7655203816 "C/GC/GNNNNNNNN" 3489.45662985858
TRUE TRUE 0 1 5 7 FALSE 51350 35926 35834 35834 34655 34655 34655 "NNNNNNNTTC" 18811.4413134181 "C/GC/GNNNNNNNN" 3486.5379465813
TRUE TRUE 1 0.01 0 1 FALSE 51350 35926 35925 32348 26805 26805 26805 "NNNNNNNTTC" 17273.6666985452 "C/GC/GNNNNNNNN" 3624.45644131534
TRUE TRUE 1 0.01 0 2 FALSE 51350 35926 35925 32348 26805 26805 26805 "NNNNNNNTTC" 17273.6666985452 "C/GC/GNNNNNNNN" 3624.45644131534
TRUE TRUE 1 0.01 0 5 FALSE 51350 35926 35925 32348 26805 26805 26805 "NNNNNNNTTC" 17273.6666985452 "C/GC/GNNNNNNNN" 3624.45644131534
TRUE TRUE 1 0.01 0 7 FALSE 51350 35926 35925 32348 26805 26805 26805 "NNNNNNNTTC" 17273.6666985452 "C/GC/GNNNNNNNN" 3624.45644131534
TRUE TRUE 1 0.01 1 1 FALSE 51350 35926 35925 32348 27667 27241 27241 "NNNNNNNTTC" 17449.5974331197 "C/GC/GNNNNNNNN" 3556.13783579696
TRUE TRUE 1 0.01 1 2 FALSE 51350 35926 35925 32348 27667 27667 27667 "NNNNNNNTTC" 17666.1918489011 "C/GC/GNNNNNNNN" 3497.20644585012
TRUE TRUE 1 0.01 1 5 FALSE 51350 35926 35925 32348 27667 27667 27667 "NNNNNNNTTC" 17666.1918489011 "C/GC/GNNNNNNNN" 3497.20644585012
TRUE TRUE 1 0.01 1 7 FALSE 51350 35926 35925 32348 27667 27667 27667 "NNNNNNNTTC" 17666.1918489011 "C/GC/GNNNNNNNN" 3497.20644585012
TRUE TRUE 1 0.01 3 1 FALSE 51350 35926 35925 32348 31150 28810 28810 "NNNNNNNTTC" 17837.12452553 "C/GC/GNNNNNNNN" 3742.25531801139
TRUE TRUE 1 0.01 3 2 FALSE 51350 35926 35925 32348 31150 29501 29501 "NNNNNNNTTC" 17892.9920553094 "C/GC/GNNNNNNNN" 3668.18342072518
TRUE TRUE 1 0.01 3 5 FALSE 51350 35926 35925 32348 31150 31150 31150 "NNNNNNNTTC" 18236.4685739682 "C/GC/GNNNNNNNN" 3769.24419651851
TRUE TRUE 1 0.01 3 7 FALSE 51350 35926 35925 32348 31150 31150 31150 "NNNNNNNTTC" 18236.4685739682 "C/GC/GNNNNNNNN" 3769.24419651851
TRUE TRUE 1 0.01 5 1 FALSE 51350 35926 35925 32348 32015 29023 29023 "NNNNNNNTTC" 17801.4072249231 "C/GC/GNNNNNNNN" 3730.79998491388
TRUE TRUE 1 0.01 5 2 FALSE 51350 35926 35925 32348 32015 29944 29944 "NNNNNNNTTC" 17788.7535045986 "C/GC/GNNNNNNNN" 3629.01928940269
TRUE TRUE 1 0.01 5 5 FALSE 51350 35926 35925 32348 32015 31880 31880 "NNNNNNNTTC" 18155.6967586404 "C/GC/GNNNNNNNN" 3691.00724086689
TRUE TRUE 1 0.01 5 7 FALSE 51350 35926 35925 32348 32015 32015 32015 "NNNNNNNTTC" 18081.8792534389 "C/GC/GNNNNNNNN" 3674.42765559476
TRUE TRUE 1 0.05 0 1 FALSE 51350 35926 35925 35925 28133 28130 28130 "NNNNNNNTTC" 17960.5993492404 "C/GC/GNNNNNNNN" 3329.80767024844
TRUE TRUE 1 0.05 0 2 FALSE 51350 35926 35925 35925 28133 28131 28131 "NNNNNNNTTC" 17960.5993492404 "C/GC/GNNNNNNNN" 3329.80767024844
TRUE TRUE 1 0.05 0 5 FALSE 51350 35926 35925 35925 28133 28133 28133 "NNNNNNNTTC" 17960.5993492404 "C/GC/GNNNNNNNN" 3329.80767024844
TRUE TRUE 1 0.05 0 7 FALSE 51350 35926 35925 35925 28133 28133 28133 "NNNNNNNTTC" 17960.5993492404 "C/GC/GNNNNNNNN" 3329.80767024844
TRUE TRUE 1 0.05 1 1 FALSE 51350 35926 35925 35925 29325 28717 28717 "NNNNNNNTTC" 18146.8878413414 "C/GC/GNNNNNNNN" 3267.07789892302
TRUE TRUE 1 0.05 1 2 FALSE 51350 35926 35925 35925 29325 29323 29323 "NNNNNNNTTC" 18408.2930183452 "C/GC/GNNNNNNNN" 3209.52432467333
TRUE TRUE 1 0.05 1 5 FALSE 51350 35926 35925 35925 29325 29325 29325 "NNNNNNNTTC" 18408.2930183452 "C/GC/GNNNNNNNN" 3209.52432467333
TRUE TRUE 1 0.05 1 7 FALSE 51350 35926 35925 35925 29325 29325 29325 "NNNNNNNTTC" 18408.2930183452 "C/GC/GNNNNNNNN" 3209.52432467333
TRUE TRUE 1 0.05 3 1 FALSE 51350 35926 35925 35925 33513 30513 30513 "NNNNNNNTTC" 18552.6525000051 "C/GC/GNNNNNNNN" 3486.24804037448
TRUE TRUE 1 0.05 3 2 FALSE 51350 35926 35925 35925 33513 31432 31432 "NNNNNNNTTC" 18636.6257974416 "C/GC/GNNNNNNNN" 3416.55016386932
TRUE TRUE 1 0.05 3 5 FALSE 51350 35926 35925 35925 33513 33513 33513 "NNNNNNNTTC" 19057.607954191 "C/GC/GNNNNNNNN" 3547.33789923095
TRUE TRUE 1 0.05 3 7 FALSE 51350 35926 35925 35925 33513 33513 33513 "NNNNNNNTTC" 19057.607954191 "C/GC/GNNNNNNNN" 3547.33789923095
TRUE TRUE 1 0.05 5 1 FALSE 51350 35926 35925 35925 34745 30800 30800 "NNNNNNNTTC" 18514.6715796935 "C/GC/GNNNNNNNN" 3485.46313177119
TRUE TRUE 1 0.05 5 2 FALSE 51350 35926 35925 35925 34745 31975 31975 "NNNNNNNTTC" 18532.4429947562 "C/GC/GNNNNNNNN" 3401.07657375466
TRUE TRUE 1 0.05 5 5 FALSE 51350 35926 35925 35925 34745 34528 34528 "NNNNNNNTTC" 18931.2568122164 "C/GC/GNNNNNNNN" 3511.56645810347
TRUE TRUE 1 0.05 5 7 FALSE 51350 35926 35925 35925 34745 34745 34745 "NNNNNNNTTC" 18860.8312353171 "C/GC/GNNNNNNNN" 3508.82320663161
TRUE TRUE 1 0.5 0 1 FALSE 51350 35926 35925 35925 28133 28130 28130 "NNNNNNNTTC" 17960.5993492404 "C/GC/GNNNNNNNN" 3329.80767024844
TRUE TRUE 1 0.5 0 2 FALSE 51350 35926 35925 35925 28133 28131 28131 "NNNNNNNTTC" 17960.5993492404 "C/GC/GNNNNNNNN" 3329.80767024844
TRUE TRUE 1 0.5 0 5 FALSE 51350 35926 35925 35925 28133 28133 28133 "NNNNNNNTTC" 17960.5993492404 "C/GC/GNNNNNNNN" 3329.80767024844
TRUE TRUE 1 0.5 0 7 FALSE 51350 35926 35925 35925 28133 28133 28133 "NNNNNNNTTC" 17960.5993492404 "C/GC/GNNNNNNNN" 3329.80767024844
TRUE TRUE 1 0.5 1 1 FALSE 51350 35926 35925 35925 29325 28717 28717 "NNNNNNNTTC" 18146.8878413414 "C/GC/GNNNNNNNN" 3267.07789892302
TRUE TRUE 1 0.5 1 2 FALSE 51350 35926 35925 35925 29325 29323 29323 "NNNNNNNTTC" 18408.2930183452 "C/GC/GNNNNNNNN" 3209.52432467333
TRUE TRUE 1 0.5 1 5 FALSE 51350 35926 35925 35925 29325 29325 29325 "NNNNNNNTTC" 18408.2930183452 "C/GC/GNNNNNNNN" 3209.52432467333
TRUE TRUE 1 0.5 1 7 FALSE 51350 35926 35925 35925 29325 29325 29325 "NNNNNNNTTC" 18408.2930183452 "C/GC/GNNNNNNNN" 3209.52432467333
TRUE TRUE 1 0.5 3 1 FALSE 51350 35926 35925 35925 33513 30513 30513 "NNNNNNNTTC" 18552.6525000051 "C/GC/GNNNNNNNN" 3486.24804037448
TRUE TRUE 1 0.5 3 2 FALSE 51350 35926 35925 35925 33513 31432 31432 "NNNNNNNTTC" 18636.6257974416 "C/GC/GNNNNNNNN" 3416.55016386932
TRUE TRUE 1 0.5 3 5 FALSE 51350 35926 35925 35925 33513 33513 33513 "NNNNNNNTTC" 19057.607954191 "C/GC/GNNNNNNNN" 3547.33789923095
TRUE TRUE 1 0.5 3 7 FALSE 51350 35926 35925 35925 33513 33513 33513 "NNNNNNNTTC" 19057.607954191 "C/GC/GNNNNNNNN" 3547.33789923095
TRUE TRUE 1 0.5 5 1 FALSE 51350 35926 35925 35925 34745 30800 30800 "NNNNNNNTTC" 18514.6715796935 "C/GC/GNNNNNNNN" 3485.46313177119
TRUE TRUE 1 0.5 5 2 FALSE 51350 35926 35925 35925 34745 31975 31975 "NNNNNNNTTC" 18532.4429947562 "C/GC/GNNNNNNNN" 3401.07657375466
TRUE TRUE 1 0.5 5 5 FALSE 51350 35926 35925 35925 34745 34528 34528 "NNNNNNNTTC" 18931.2568122164 "C/GC/GNNNNNNNN" 3511.56645810347
TRUE TRUE 1 0.5 5 7 FALSE 51350 35926 35925 35925 34745 34745 34745 "NNNNNNNTTC" 18860.8312353171 "C/GC/GNNNNNNNN" 3508.82320663161
TRUE TRUE 1 1 0 1 FALSE 51350 35926 35925 35925 28133 28130 28130 "NNNNNNNTTC" 17960.5993492404 "C/GC/GNNNNNNNN" 3329.80767024844
TRUE TRUE 1 1 0 2 FALSE 51350 35926 35925 35925 28133 28131 28131 "NNNNNNNTTC" 17960.5993492404 "C/GC/GNNNNNNNN" 3329.80767024844
TRUE TRUE 1 1 0 5 FALSE 51350 35926 35925 35925 28133 28133 28133 "NNNNNNNTTC" 17960.5993492404 "C/GC/GNNNNNNNN" 3329.80767024844
TRUE TRUE 1 1 0 7 FALSE 51350 35926 35925 35925 28133 28133 28133 "NNNNNNNTTC" 17960.5993492404 "C/GC/GNNNNNNNN" 3329.80767024844
TRUE TRUE 1 1 1 1 FALSE 51350 35926 35925 35925 29325 28717 28717 "NNNNNNNTTC" 18146.8878413414 "C/GC/GNNNNNNNN" 3267.07789892302
TRUE TRUE 1 1 1 2 FALSE 51350 35926 35925 35925 29325 29323 29323 "NNNNNNNTTC" 18408.2930183452 "C/GC/GNNNNNNNN" 3209.52432467333
TRUE TRUE 1 1 1 5 FALSE 51350 35926 35925 35925 29325 29325 29325 "NNNNNNNTTC" 18408.2930183452 "C/GC/GNNNNNNNN" 3209.52432467333
TRUE TRUE 1 1 1 7 FALSE 51350 35926 35925 35925 29325 29325 29325 "NNNNNNNTTC" 18408.2930183452 "C/GC/GNNNNNNNN" 3209.52432467333
TRUE TRUE 1 1 3 1 FALSE 51350 35926 35925 35925 33513 30513 30513 "NNNNNNNTTC" 18552.6525000051 "C/GC/GNNNNNNNN" 3486.24804037448
TRUE TRUE 1 1 3 2 FALSE 51350 35926 35925 35925 33513 31432 31432 "NNNNNNNTTC" 18636.6257974416 "C/GC/GNNNNNNNN" 3416.55016386932
TRUE TRUE 1 1 3 5 FALSE 51350 35926 35925 35925 33513 33513 33513 "NNNNNNNTTC" 19057.607954191 "C/GC/GNNNNNNNN" 3547.33789923095
TRUE TRUE 1 1 3 7 FALSE 51350 35926 35925 35925 33513 33513 33513 "NNNNNNNTTC" 19057.607954191 "C/GC/GNNNNNNNN" 3547.33789923095
TRUE TRUE 1 1 5 1 FALSE 51350 35926 35925 35925 34745 30800 30800 "NNNNNNNTTC" 18514.6715796935 "C/GC/GNNNNNNNN" 3485.46313177119
TRUE TRUE 1 1 5 2 FALSE 51350 35926 35925 35925 34745 31975 31975 "NNNNNNNTTC" 18532.4429947562 "C/GC/GNNNNNNNN" 3401.07657375466
TRUE TRUE 1 1 5 5 FALSE 51350 35926 35925 35925 34745 34528 34528 "NNNNNNNTTC" 18931.2568122164 "C/GC/GNNNNNNNN" 3511.56645810347
TRUE TRUE 1 1 5 7 FALSE 51350 35926 35925 35925 34745 34745 34745 "NNNNNNNTTC" 18860.8312353171 "C/GC/GNNNNNNNN" 3508.82320663161
TRUE TRUE 2 0.01 0 1 FALSE 51350 35926 35926 32349 26806 26806 26806 "NNNNNNNTTC" 17274.5649183616 "C/GC/GNNNNNNNN" 3624.13197759005
TRUE TRUE 2 0.01 0 2 FALSE 51350 35926 35926 32349 26806 26806 26806 "NNNNNNNTTC" 17274.5649183616 "C/GC/GNNNNNNNN" 3624.13197759005
TRUE TRUE 2 0.01 0 5 FALSE 51350 35926 35926 32349 26806 26806 26806 "NNNNNNNTTC" 17274.5649183616 "C/GC/GNNNNNNNN" 3624.13197759005
TRUE TRUE 2 0.01 0 7 FALSE 51350 35926 35926 32349 26806 26806 26806 "NNNNNNNTTC" 17274.5649183616 "C/GC/GNNNNNNNN" 3624.13197759005
TRUE TRUE 2 0.01 1 1 FALSE 51350 35926 35926 32349 27668 27242 27242 "NNNNNNNTTC" 17450.49410578 "C/GC/GNNNNNNNN" 3555.82719190914
TRUE TRUE 2 0.01 1 2 FALSE 51350 35926 35926 32349 27668 27668 27668 "NNNNNNNTTC" 17667.0877126114 "C/GC/GNNNNNNNN" 3496.89715821939
TRUE TRUE 2 0.01 1 5 FALSE 51350 35926 35926 32349 27668 27668 27668 "NNNNNNNTTC" 17667.0877126114 "C/GC/GNNNNNNNN" 3496.89715821939
TRUE TRUE 2 0.01 1 7 FALSE 51350 35926 35926 32349 27668 27668 27668 "NNNNNNNTTC" 17667.0877126114 "C/GC/GNNNNNNNN" 3496.89715821939
TRUE TRUE 2 0.01 3 1 FALSE 51350 35926 35926 32349 31151 28811 28811 "NNNNNNNTTC" 17838.0150173158 "C/GC/GNNNNNNNN" 3741.93464863712
TRUE TRUE 2 0.01 3 2 FALSE 51350 35926 35926 32349 31151 29502 29502 "NNNNNNNTTC" 17893.8778879774 "C/GC/GNNNNNNNN" 3667.86147596666
TRUE TRUE 2 0.01 3 5 FALSE 51350 35926 35926 32349 31151 31151 31151 "NNNNNNNTTC" 18237.3463832014 "C/GC/GNNNNNNNN" 3768.90933662392
TRUE TRUE 2 0.01 3 7 FALSE 51350 35926 35926 32349 31151 31151 31151 "NNNNNNNTTC" 18237.3463832014 "C/GC/GNNNNNNNN" 3768.90933662392
TRUE TRUE 2 0.01 5 1 FALSE 51350 35926 35926 32349 32016 29024 29024 "NNNNNNNTTC" 17802.2956690774 "C/GC/GNNNNNNNN" 3730.48093376367
TRUE TRUE 2 0.01 5 2 FALSE 51350 35926 35926 32349 32016 29945 29945 "NNNNNNNTTC" 17789.6348842575 "C/GC/GNNNNNNNN" 3628.6981760017
TRUE TRUE 2 0.01 5 5 FALSE 51350 35926 35926 32349 32016 31881 31881 "NNNNNNNTTC" 18156.5686270477 "C/GC/GNNNNNNNN" 3690.68088100412
TRUE TRUE 2 0.01 5 7 FALSE 51350 35926 35926 32349 32016 32016 32016 "NNNNNNNTTC" 18082.7489203612 "C/GC/GNNNNNNNN" 3674.11682963464
TRUE TRUE 2 0.05 0 1 FALSE 51350 35926 35926 35926 28134 28131 28131 "NNNNNNNTTC" 17961.4962058196 "C/GC/GNNNNNNNN" 3329.48962462099
TRUE TRUE 2 0.05 0 2 FALSE 51350 35926 35926 35926 28134 28132 28132 "NNNNNNNTTC" 17961.4962058196 "C/GC/GNNNNNNNN" 3329.48962462099
TRUE TRUE 2 0.05 0 5 FALSE 51350 35926 35926 35926 28134 28134 28134 "NNNNNNNTTC" 17961.4962058196 "C/GC/GNNNNNNNN" 3329.48962462099
TRUE TRUE 2 0.05 0 7 FALSE 51350 35926 35926 35926 28134 28134 28134 "NNNNNNNTTC" 17961.4962058196 "C/GC/GNNNNNNNN" 3329.48962462099
TRUE TRUE 2 0.05 1 1 FALSE 51350 35926 35926 35926 29326 28718 28718 "NNNNNNNTTC" 18147.7820509618 "C/GC/GNNNNNNNN" 3266.7746868128
TRUE TRUE 2 0.05 1 2 FALSE 51350 35926 35926 35926 29326 29324 29324 "NNNNNNNTTC" 18409.185542516 "C/GC/GNNNNNNNN" 3209.21759946207
TRUE TRUE 2 0.05 1 5 FALSE 51350 35926 35926 35926 29326 29326 29326 "NNNNNNNTTC" 18409.185542516 "C/GC/GNNNNNNNN" 3209.21759946207
TRUE TRUE 2 0.05 1 7 FALSE 51350 35926 35926 35926 29326 29326 29326 "NNNNNNNTTC" 18409.185542516 "C/GC/GNNNNNNNN" 3209.21759946207
TRUE TRUE 2 0.05 3 1 FALSE 51350 35926 35926 35926 33514 30514 30514 "NNNNNNNTTC" 18553.5390727615 "C/GC/GNNNNNNNN" 3485.9357016684
TRUE TRUE 2 0.05 3 2 FALSE 51350 35926 35926 35926 33514 31433 31433 "NNNNNNNTTC" 18637.5063233047 "C/GC/GNNNNNNNN" 3416.23082707732
TRUE TRUE 2 0.05 3 5 FALSE 51350 35926 35926 35926 33514 33514 33514 "NNNNNNNTTC" 19058.4785178251 "C/GC/GNNNNNNNN" 3547.00970795572
TRUE TRUE 2 0.05 3 7 FALSE 51350 35926 35926 35926 33514 33514 33514 "NNNNNNNTTC" 19058.4785178251 "C/GC/GNNNNNNNN" 3547.00970795572
TRUE TRUE 2 0.05 5 1 FALSE 51350 35926 35926 35926 34746 30801 30801 "NNNNNNNTTC" 18515.5559880664 "C/GC/GNNNNNNNN" 3485.15254893882
TRUE TRUE 2 0.05 5 2 FALSE 51350 35926 35926 35926 34746 31976 31976 "NNNNNNNTTC" 18533.3189378126 "C/GC/GNNNNNNNN" 3400.75813862643
TRUE TRUE 2 0.05 5 5 FALSE 51350 35926 35926 35926 34746 34529 34529 "NNNNNNNTTC" 18932.1202053561 "C/GC/GNNNNNNNN" 3511.25110108779
TRUE TRUE 2 0.05 5 7 FALSE 51350 35926 35926 35926 34746 34746 34746 "NNNNNNNTTC" 18861.6923315682 "C/GC/GNNNNNNNN" 3508.52194697036
TRUE TRUE 2 0.5 0 1 FALSE 51350 35926 35926 35926 28134 28131 28131 "NNNNNNNTTC" 17961.4962058196 "C/GC/GNNNNNNNN" 3329.48962462099
TRUE TRUE 2 0.5 0 2 FALSE 51350 35926 35926 35926 28134 28132 28132 "NNNNNNNTTC" 17961.4962058196 "C/GC/GNNNNNNNN" 3329.48962462099
TRUE TRUE 2 0.5 0 5 FALSE 51350 35926 35926 35926 28134 28134 28134 "NNNNNNNTTC" 17961.4962058196 "C/GC/GNNNNNNNN" 3329.48962462099
TRUE TRUE 2 0.5 0 7 FALSE 51350 35926 35926 35926 28134 28134 28134 "NNNNNNNTTC" 17961.4962058196 "C/GC/GNNNNNNNN" 3329.48962462099
TRUE TRUE 2 0.5 1 1 FALSE 51350 35926 35926 35926 29326 28718 28718 "NNNNNNNTTC" 18147.7820509618 "C/GC/GNNNNNNNN" 3266.7746868128
TRUE TRUE 2 0.5 1 2 FALSE 51350 35926 35926 35926 29326 29324 29324 "NNNNNNNTTC" 18409.185542516 "C/GC/GNNNNNNNN" 3209.21759946207
TRUE TRUE 2 0.5 1 5 FALSE 51350 35926 35926 35926 29326 29326 29326 "NNNNNNNTTC" 18409.185542516 "C/GC/GNNNNNNNN" 3209.21759946207
TRUE TRUE 2 0.5 1 7 FALSE 51350 35926 35926 35926 29326 29326 29326 "NNNNNNNTTC" 18409.185542516 "C/GC/GNNNNNNNN" 3209.21759946207
TRUE TRUE 2 0.5 3 1 FALSE 51350 35926 35926 35926 33514 30514 30514 "NNNNNNNTTC" 18553.5390727615 "C/GC/GNNNNNNNN" 3485.9357016684
TRUE TRUE 2 0.5 3 2 FALSE 51350 35926 35926 35926 33514 31433 31433 "NNNNNNNTTC" 18637.5063233047 "C/GC/GNNNNNNNN" 3416.23082707732
TRUE TRUE 2 0.5 3 5 FALSE 51350 35926 35926 35926 33514 33514 33514 "NNNNNNNTTC" 19058.4785178251 "C/GC/GNNNNNNNN" 3547.00970795572
TRUE TRUE 2 0.5 3 7 FALSE 51350 35926 35926 35926 33514 33514 33514 "NNNNNNNTTC" 19058.4785178251 "C/GC/GNNNNNNNN" 3547.00970795572
TRUE TRUE 2 0.5 5 1 FALSE 51350 35926 35926 35926 34746 30801 30801 "NNNNNNNTTC" 18515.5559880664 "C/GC/GNNNNNNNN" 3485.15254893882
TRUE TRUE 2 0.5 5 2 FALSE 51350 35926 35926 35926 34746 31976 31976 "NNNNNNNTTC" 18533.3189378126 "C/GC/GNNNNNNNN" 3400.75813862643
TRUE TRUE 2 0.5 5 5 FALSE 51350 35926 35926 35926 34746 34529 34529 "NNNNNNNTTC" 18932.1202053561 "C/GC/GNNNNNNNN" 3511.25110108779
TRUE TRUE 2 0.5 5 7 FALSE 51350 35926 35926 35926 34746 34746 34746 "NNNNNNNTTC" 18861.6923315682 "C/GC/GNNNNNNNN" 3508.52194697036
TRUE TRUE 2 1 0 1 FALSE 51350 35926 35926 35926 28134 28131 28131 "NNNNNNNTTC" 17961.4962058196 "C/GC/GNNNNNNNN" 3329.48962462099
TRUE TRUE 2 1 0 2 FALSE 51350 35926 35926 35926 28134 28132 28132 "NNNNNNNTTC" 17961.4962058196 "C/GC/GNNNNNNNN" 3329.48962462099
TRUE TRUE 2 1 0 5 FALSE 51350 35926 35926 35926 28134 28134 28134 "NNNNNNNTTC" 17961.4962058196 "C/GC/GNNNNNNNN" 3329.48962462099
TRUE TRUE 2 1 0 7 FALSE 51350 35926 35926 35926 28134 28134 28134 "NNNNNNNTTC" 17961.4962058196 "C/GC/GNNNNNNNN" 3329.48962462099
TRUE TRUE 2 1 1 1 FALSE 51350 35926 35926 35926 29326 28718 28718 "NNNNNNNTTC" 18147.7820509618 "C/GC/GNNNNNNNN" 3266.7746868128
TRUE TRUE 2 1 1 2 FALSE 51350 35926 35926 35926 29326 29324 29324 "NNNNNNNTTC" 18409.185542516 "C/GC/GNNNNNNNN" 3209.21759946207
TRUE TRUE 2 1 1 5 FALSE 51350 35926 35926 35926 29326 29326 29326 "NNNNNNNTTC" 18409.185542516 "C/GC/GNNNNNNNN" 3209.21759946207
TRUE TRUE 2 1 1 7 FALSE 51350 35926 35926 35926 29326 29326 29326 "NNNNNNNTTC" 18409.185542516 "C/GC/GNNNNNNNN" 3209.21759946207
TRUE TRUE 2 1 3 1 FALSE 51350 35926 35926 35926 33514 30514 30514 "NNNNNNNTTC" 18553.5390727615 "C/GC/GNNNNNNNN" 3485.9357016684
TRUE TRUE 2 1 3 2 FALSE 51350 35926 35926 35926 33514 31433 31433 "NNNNNNNTTC" 18637.5063233047 "C/GC/GNNNNNNNN" 3416.23082707732
TRUE TRUE 2 1 3 5 FALSE 51350 35926 35926 35926 33514 33514 33514 "NNNNNNNTTC" 19058.4785178251 "C/GC/GNNNNNNNN" 3547.00970795572
TRUE TRUE 2 1 3 7 FALSE 51350 35926 35926 35926 33514 33514 33514 "NNNNNNNTTC" 19058.4785178251 "C/GC/GNNNNNNNN" 3547.00970795572
TRUE TRUE 2 1 5 1 FALSE 51350 35926 35926 35926 34746 30801 30801 "NNNNNNNTTC" 18515.5559880664 "C/GC/GNNNNNNNN" 3485.15254893882
TRUE TRUE 2 1 5 2 FALSE 51350 35926 35926 35926 34746 31976 31976 "NNNNNNNTTC" 18533.3189378126 "C/GC/GNNNNNNNN" 3400.75813862643
TRUE TRUE 2 1 5 5 FALSE 51350 35926 35926 35926 34746 34529 34529 "NNNNNNNTTC" 18932.1202053561 "C/GC/GNNNNNNNN" 3511.25110108779
TRUE TRUE 2 1 5 7 FALSE 51350 35926 35926 35926 34746 34746 34746 "NNNNNNNTTC" 18861.6923315682 "C/GC/GNNNNNNNN" 3508.52194697036
TRUE TRUE 3 0.01 0 1 FALSE 51350 35926 35926 32349 26806 26806 26806 "NNNNNNNTTC" 17274.5649183616 "C/GC/GNNNNNNNN" 3624.13197759005
TRUE TRUE 3 0.01 0 2 FALSE 51350 35926 35926 32349 26806 26806 26806 "NNNNNNNTTC" 17274.5649183616 "C/GC/GNNNNNNNN" 3624.13197759005
TRUE TRUE 3 0.01 0 5 FALSE 51350 35926 35926 32349 26806 26806 26806 "NNNNNNNTTC" 17274.5649183616 "C/GC/GNNNNNNNN" 3624.13197759005
TRUE TRUE 3 0.01 0 7 FALSE 51350 35926 35926 32349 26806 26806 26806 "NNNNNNNTTC" 17274.5649183616 "C/GC/GNNNNNNNN" 3624.13197759005
TRUE TRUE 3 0.01 1 1 FALSE 51350 35926 35926 32349 27668 27242 27242 "NNNNNNNTTC" 17450.49410578 "C/GC/GNNNNNNNN" 3555.82719190914
TRUE TRUE 3 0.01 1 2 FALSE 51350 35926 35926 32349 27668 27668 27668 "NNNNNNNTTC" 17667.0877126114 "C/GC/GNNNNNNNN" 3496.89715821939
TRUE TRUE 3 0.01 1 5 FALSE 51350 35926 35926 32349 27668 27668 27668 "NNNNNNNTTC" 17667.0877126114 "C/GC/GNNNNNNNN" 3496.89715821939
TRUE TRUE 3 0.01 1 7 FALSE 51350 35926 35926 32349 27668 27668 27668 "NNNNNNNTTC" 17667.0877126114 "C/GC/GNNNNNNNN" 3496.89715821939
TRUE TRUE 3 0.01 3 1 FALSE 51350 35926 35926 32349 31151 28811 28811 "NNNNNNNTTC" 17838.0150173158 "C/GC/GNNNNNNNN" 3741.93464863712
TRUE TRUE 3 0.01 3 2 FALSE 51350 35926 35926 32349 31151 29502 29502 "NNNNNNNTTC" 17893.8778879774 "C/GC/GNNNNNNNN" 3667.86147596666
TRUE TRUE 3 0.01 3 5 FALSE 51350 35926 35926 32349 31151 31151 31151 "NNNNNNNTTC" 18237.3463832014 "C/GC/GNNNNNNNN" 3768.90933662392
TRUE TRUE 3 0.01 3 7 FALSE 51350 35926 35926 32349 31151 31151 31151 "NNNNNNNTTC" 18237.3463832014 "C/GC/GNNNNNNNN" 3768.90933662392
TRUE TRUE 3 0.01 5 1 FALSE 51350 35926 35926 32349 32016 29024 29024 "NNNNNNNTTC" 17802.2956690774 "C/GC/GNNNNNNNN" 3730.48093376367
TRUE TRUE 3 0.01 5 2 FALSE 51350 35926 35926 32349 32016 29945 29945 "NNNNNNNTTC" 17789.6348842575 "C/GC/GNNNNNNNN" 3628.6981760017
TRUE TRUE 3 0.01 5 5 FALSE 51350 35926 35926 32349 32016 31881 31881 "NNNNNNNTTC" 18156.5686270477 "C/GC/GNNNNNNNN" 3690.68088100412
TRUE TRUE 3 0.01 5 7 FALSE 51350 35926 35926 32349 32016 32016 32016 "NNNNNNNTTC" 18082.7489203612 "C/GC/GNNNNNNNN" 3674.11682963464
TRUE TRUE 3 0.05 0 1 FALSE 51350 35926 35926 35926 28134 28131 28131 "NNNNNNNTTC" 17961.4962058196 "C/GC/GNNNNNNNN" 3329.48962462099
TRUE TRUE 3 0.05 0 2 FALSE 51350 35926 35926 35926 28134 28132 28132 "NNNNNNNTTC" 17961.4962058196 "C/GC/GNNNNNNNN" 3329.48962462099
TRUE TRUE 3 0.05 0 5 FALSE 51350 35926 35926 35926 28134 28134 28134 "NNNNNNNTTC" 17961.4962058196 "C/GC/GNNNNNNNN" 3329.48962462099
TRUE TRUE 3 0.05 0 7 FALSE 51350 35926 35926 35926 28134 28134 28134 "NNNNNNNTTC" 17961.4962058196 "C/GC/GNNNNNNNN" 3329.48962462099
TRUE TRUE 3 0.05 1 1 FALSE 51350 35926 35926 35926 29326 28718 28718 "NNNNNNNTTC" 18147.7820509618 "C/GC/GNNNNNNNN" 3266.7746868128
TRUE TRUE 3 0.05 1 2 FALSE 51350 35926 35926 35926 29326 29324 29324 "NNNNNNNTTC" 18409.185542516 "C/GC/GNNNNNNNN" 3209.21759946207
TRUE TRUE 3 0.05 1 5 FALSE 51350 35926 35926 35926 29326 29326 29326 "NNNNNNNTTC" 18409.185542516 "C/GC/GNNNNNNNN" 3209.21759946207
TRUE TRUE 3 0.05 1 7 FALSE 51350 35926 35926 35926 29326 29326 29326 "NNNNNNNTTC" 18409.185542516 "C/GC/GNNNNNNNN" 3209.21759946207
TRUE TRUE 3 0.05 3 1 FALSE 51350 35926 35926 35926 33514 30514 30514 "NNNNNNNTTC" 18553.5390727615 "C/GC/GNNNNNNNN" 3485.9357016684
TRUE TRUE 3 0.05 3 2 FALSE 51350 35926 35926 35926 33514 31433 31433 "NNNNNNNTTC" 18637.5063233047 "C/GC/GNNNNNNNN" 3416.23082707732
TRUE TRUE 3 0.05 3 5 FALSE 51350 35926 35926 35926 33514 33514 33514 "NNNNNNNTTC" 19058.4785178251 "C/GC/GNNNNNNNN" 3547.00970795572
TRUE TRUE 3 0.05 3 7 FALSE 51350 35926 35926 35926 33514 33514 33514 "NNNNNNNTTC" 19058.4785178251 "C/GC/GNNNNNNNN" 3547.00970795572
TRUE TRUE 3 0.05 5 1 FALSE 51350 35926 35926 35926 34746 30801 30801 "NNNNNNNTTC" 18515.5559880664 "C/GC/GNNNNNNNN" 3485.15254893882
TRUE TRUE 3 0.05 5 2 FALSE 51350 35926 35926 35926 34746 31976 31976 "NNNNNNNTTC" 18533.3189378126 "C/GC/GNNNNNNNN" 3400.75813862643
TRUE TRUE 3 0.05 5 5 FALSE 51350 35926 35926 35926 34746 34529 34529 "NNNNNNNTTC" 18932.1202053561 "C/GC/GNNNNNNNN" 3511.25110108779
TRUE TRUE 3 0.05 5 7 FALSE 51350 35926 35926 35926 34746 34746 34746 "NNNNNNNTTC" 18861.6923315682 "C/GC/GNNNNNNNN" 3508.52194697036
TRUE TRUE 3 0.5 0 1 FALSE 51350 35926 35926 35926 28134 28131 28131 "NNNNNNNTTC" 17961.4962058196 "C/GC/GNNNNNNNN" 3329.48962462099
TRUE TRUE 3 0.5 0 2 FALSE 51350 35926 35926 35926 28134 28132 28132 "NNNNNNNTTC" 17961.4962058196 "C/GC/GNNNNNNNN" 3329.48962462099
TRUE TRUE 3 0.5 0 5 FALSE 51350 35926 35926 35926 28134 28134 28134 "NNNNNNNTTC" 17961.4962058196 "C/GC/GNNNNNNNN" 3329.48962462099
TRUE TRUE 3 0.5 0 7 FALSE 51350 35926 35926 35926 28134 28134 28134 "NNNNNNNTTC" 17961.4962058196 "C/GC/GNNNNNNNN" 3329.48962462099
TRUE TRUE 3 0.5 1 1 FALSE 51350 35926 35926 35926 29326 28718 28718 "NNNNNNNTTC" 18147.7820509618 "C/GC/GNNNNNNNN" 3266.7746868128
TRUE TRUE 3 0.5 1 2 FALSE 51350 35926 35926 35926 29326 29324 29324 "NNNNNNNTTC" 18409.185542516 "C/GC/GNNNNNNNN" 3209.21759946207
TRUE TRUE 3 0.5 1 5 FALSE 51350 35926 35926 35926 29326 29326 29326 "NNNNNNNTTC" 18409.185542516 "C/GC/GNNNNNNNN" 3209.21759946207
TRUE TRUE 3 0.5 1 7 FALSE 51350 35926 35926 35926 29326 29326 29326 "NNNNNNNTTC" 18409.185542516 "C/GC/GNNNNNNNN" 3209.21759946207
TRUE TRUE 3 0.5 3 1 FALSE 51350 35926 35926 35926 33514 30514 30514 "NNNNNNNTTC" 18553.5390727615 "C/GC/GNNNNNNNN" 3485.9357016684
TRUE TRUE 3 0.5 3 2 FALSE 51350 35926 35926 35926 33514 31433 31433 "NNNNNNNTTC" 18637.5063233047 "C/GC/GNNNNNNNN" 3416.23082707732
TRUE TRUE 3 0.5 3 5 FALSE 51350 35926 35926 35926 33514 33514 33514 "NNNNNNNTTC" 19058.4785178251 "C/GC/GNNNNNNNN" 3547.00970795572
TRUE TRUE 3 0.5 3 7 FALSE 51350 35926 35926 35926 33514 33514 33514 "NNNNNNNTTC" 19058.4785178251 "C/GC/GNNNNNNNN" 3547.00970795572
TRUE TRUE 3 0.5 5 1 FALSE 51350 35926 35926 35926 34746 30801 30801 "NNNNNNNTTC" 18515.5559880664 "C/GC/GNNNNNNNN" 3485.15254893882
TRUE TRUE 3 0.5 5 2 FALSE 51350 35926 35926 35926 34746 31976 31976 "NNNNNNNTTC" 18533.3189378126 "C/GC/GNNNNNNNN" 3400.75813862643
TRUE TRUE 3 0.5 5 5 FALSE 51350 35926 35926 35926 34746 34529 34529 "NNNNNNNTTC" 18932.1202053561 "C/GC/GNNNNNNNN" 3511.25110108779
TRUE TRUE 3 0.5 5 7 FALSE 51350 35926 35926 35926 34746 34746 34746 "NNNNNNNTTC" 18861.6923315682 "C/GC/GNNNNNNNN" 3508.52194697036
TRUE TRUE 3 1 0 1 FALSE 51350 35926 35926 35926 28134 28131 28131 "NNNNNNNTTC" 17961.4962058196 "C/GC/GNNNNNNNN" 3329.48962462099
TRUE TRUE 3 1 0 2 FALSE 51350 35926 35926 35926 28134 28132 28132 "NNNNNNNTTC" 17961.4962058196 "C/GC/GNNNNNNNN" 3329.48962462099
TRUE TRUE 3 1 0 5 FALSE 51350 35926 35926 35926 28134 28134 28134 "NNNNNNNTTC" 17961.4962058196 "C/GC/GNNNNNNNN" 3329.48962462099
TRUE TRUE 3 1 0 7 FALSE 51350 35926 35926 35926 28134 28134 28134 "NNNNNNNTTC" 17961.4962058196 "C/GC/GNNNNNNNN" 3329.48962462099
TRUE TRUE 3 1 1 1 FALSE 51350 35926 35926 35926 29326 28718 28718 "NNNNNNNTTC" 18147.7820509618 "C/GC/GNNNNNNNN" 3266.7746868128
TRUE TRUE 3 1 1 2 FALSE 51350 35926 35926 35926 29326 29324 29324 "NNNNNNNTTC" 18409.185542516 "C/GC/GNNNNNNNN" 3209.21759946207
TRUE TRUE 3 1 1 5 FALSE 51350 35926 35926 35926 29326 29326 29326 "NNNNNNNTTC" 18409.185542516 "C/GC/GNNNNNNNN" 3209.21759946207
TRUE TRUE 3 1 1 7 FALSE 51350 35926 35926 35926 29326 29326 29326 "NNNNNNNTTC" 18409.185542516 "C/GC/GNNNNNNNN" 3209.21759946207
TRUE TRUE 3 1 3 1 FALSE 51350 35926 35926 35926 33514 30514 30514 "NNNNNNNTTC" 18553.5390727615 "C/GC/GNNNNNNNN" 3485.9357016684
TRUE TRUE 3 1 3 2 FALSE 51350 35926 35926 35926 33514 31433 31433 "NNNNNNNTTC" 18637.5063233047 "C/GC/GNNNNNNNN" 3416.23082707732
TRUE TRUE 3 1 3 5 FALSE 51350 35926 35926 35926 33514 33514 33514 "NNNNNNNTTC" 19058.4785178251 "C/GC/GNNNNNNNN" 3547.00970795572
TRUE TRUE 3 1 3 7 FALSE 51350 35926 35926 35926 33514 33514 33514 "NNNNNNNTTC" 19058.4785178251 "C/GC/GNNNNNNNN" 3547.00970795572
TRUE TRUE 3 1 5 1 FALSE 51350 35926 35926 35926 34746 30801 30801 "NNNNNNNTTC" 18515.5559880664 "C/GC/GNNNNNNNN" 3485.15254893882
TRUE TRUE 3 1 5 2 FALSE 51350 35926 35926 35926 34746 31976 31976 "NNNNNNNTTC" 18533.3189378126 "C/GC/GNNNNNNNN" 3400.75813862643
TRUE TRUE 3 1 5 5 FALSE 51350 35926 35926 35926 34746 34529 34529 "NNNNNNNTTC" 18932.1202053561 "C/GC/GNNNNNNNN" 3511.25110108779
TRUE TRUE 3 1 5 7 FALSE 51350 35926 35926 35926 34746 34746 34746 "NNNNNNNTTC" 18861.6923315682 "C/GC/GNNNNNNNN" 3508.52194697036
