"uniqueAligns" "excludeSelf" "numGaps" "e.value" "nucleotidesShorterThanProtospacer" "queryStart" "prophageOnly" "Filter0" "Filter1" "Filter2" "Filter3" "Filter4" "Filter5" "Filter6" "upPAM" "upScore" "downPAM" "downScore"
TRUE TRUE 0 0.01 0 1 FALSE 527 458 458 398 377 377 377 "NGANNNNNNC" 162.011874367031 "T/GNNNNT/CNTNC" 106.323636581563
TRUE TRUE 0 0.01 0 2 FALSE 527 458 458 398 377 377 377 "NGANNNNNNC" 162.011874367031 "T/GNNNNT/CNTNC" 106.323636581563
TRUE TRUE 0 0.01 0 5 FALSE 527 458 458 398 377 377 377 "NGANNNNNNC" 162.011874367031 "T/GNNNNT/CNTNC" 106.323636581563
TRUE TRUE 0 0.01 0 7 FALSE 527 458 458 398 377 377 377 "NGANNNNNNC" 162.011874367031 "T/GNNNNT/CNTNC" 106.323636581563
TRUE TRUE 0 0.01 1 1 FALSE 527 458 458 398 394 379 379 "NGANNNNNNC" 163.59650792733 "T/GNNNNT/CNTNC" 106.249499232524
TRUE TRUE 0 0.01 1 2 FALSE 527 458 458 398 394 394 394 "NGANNNNNNC" 165.025032149623 "T/GNNNNT/CNTNC" 108.077674110607
TRUE TRUE 0 0.01 1 5 FALSE 527 458 458 398 394 394 394 "NGANNNNNNC" 165.025032149623 "T/GNNNNT/CNTNC" 108.077674110607
TRUE TRUE 0 0.01 1 7 FALSE 527 458 458 398 394 394 394 "NGANNNNNNC" 165.025032149623 "T/GNNNNT/CNTNC" 108.077674110607
TRUE TRUE 0 0.01 3 1 FALSE 527 458 458 398 398 381 381 "NGANNNNNNC" 162.903882427955 "T/GNNNNT/CNTNC" 105.950386017162
TRUE TRUE 0 0.01 3 2 FALSE 527 458 458 398 398 396 396 "NGANNNNNNC" 164.352015196683 "T/GNNNNT/CNTNC" 107.919405743868
TRUE TRUE 0 0.01 3 5 FALSE 527 458 458 398 398 398 398 "NGANNNNNNC" 164.648783368279 "T/GNNNNT/CNTNC" 106.710070711339
TRUE TRUE 0 0.01 3 7 FALSE 527 458 458 398 398 398 398 "NGANNNNNNC" 164.648783368279 "T/GNNNNT/CNTNC" 106.710070711339
TRUE TRUE 0 0.01 5 1 FALSE 527 458 458 398 398 381 381 "NGANNNNNNC" 162.903882427955 "T/GNNNNT/CNTNC" 105.950386017162
TRUE TRUE 0 0.01 5 2 FALSE 527 458 458 398 398 396 396 "NGANNNNNNC" 164.352015196683 "T/GNNNNT/CNTNC" 107.919405743868
TRUE TRUE 0 0.01 5 5 FALSE 527 458 458 398 398 398 398 "NGANNNNNNC" 164.648783368279 "T/GNNNNT/CNTNC" 106.710070711339
TRUE TRUE 0 0.01 5 7 FALSE 527 458 458 398 398 398 398 "NGANNNNNNC" 164.648783368279 "T/GNNNNT/CNTNC" 106.710070711339
TRUE TRUE 0 0.05 0 1 FALSE 527 458 458 458 434 434 434 "NNANNNNNNC" 222.583798520737 "NNNNNT/CNTNC" 122.603592507295
TRUE TRUE 0 0.05 0 2 FALSE 527 458 458 458 434 434 434 "NNANNNNNNC" 222.583798520737 "NNNNNT/CNTNC" 122.603592507295
TRUE TRUE 0 0.05 0 5 FALSE 527 458 458 458 434 434 434 "NNANNNNNNC" 222.583798520737 "NNNNNT/CNTNC" 122.603592507295
TRUE TRUE 0 0.05 0 7 FALSE 527 458 458 458 434 434 434 "NNANNNNNNC" 222.583798520737 "NNNNNT/CNTNC" 122.603592507295
TRUE TRUE 0 0.05 1 1 FALSE 527 458 458 458 454 437 437 "NNANNNNNNC" 223.731835864489 "NNNNNT/CNTNC" 120.913028718606
TRUE TRUE 0 0.05 1 2 FALSE 527 458 458 458 454 454 454 "NNANNNNNNC" 219.3204851314 "NNNNNT/CNTNC" 119.031173538245
TRUE TRUE 0 0.05 1 5 FALSE 527 458 458 458 454 454 454 "NNANNNNNNC" 219.3204851314 "NNNNNT/CNTNC" 119.031173538245
TRUE TRUE 0 0.05 1 7 FALSE 527 458 458 458 454 454 454 "NNANNNNNNC" 219.3204851314 "NNNNNT/CNTNC" 119.031173538245
TRUE TRUE 0 0.05 3 1 FALSE 527 458 458 458 458 439 439 "NNANNNNNNC" 221.709116992276 "NNNNNT/CNTNC" 120.236208027766
TRUE TRUE 0 0.05 3 2 FALSE 527 458 458 458 458 456 456 "NNANNNNNNC" 217.320834124214 "NNNNNT/CNTNC" 118.487600269
TRUE TRUE 0 0.05 3 5 FALSE 527 458 458 458 458 458 458 "NNANNNNNNC" 216.97209733567 "NNNNNT/CNTNC" 117.905885347163
TRUE TRUE 0 0.05 3 7 FALSE 527 458 458 458 458 458 458 "NNANNNNNNC" 216.97209733567 "NNNNNT/CNTNC" 117.905885347163
TRUE TRUE 0 0.05 5 1 FALSE 527 458 458 458 458 439 439 "NNANNNNNNC" 221.709116992276 "NNNNNT/CNTNC" 120.236208027766
TRUE TRUE 0 0.05 5 2 FALSE 527 458 458 458 458 456 456 "NNANNNNNNC" 217.320834124214 "NNNNNT/CNTNC" 118.487600269
TRUE TRUE 0 0.05 5 5 FALSE 527 458 458 458 458 458 458 "NNANNNNNNC" 216.97209733567 "NNNNNT/CNTNC" 117.905885347163
TRUE TRUE 0 0.05 5 7 FALSE 527 458 458 458 458 458 458 "NNANNNNNNC" 216.97209733567 "NNNNNT/CNTNC" 117.905885347163
TRUE TRUE 0 0.5 0 1 FALSE 527 458 458 458 434 434 434 "NNANNNNNNC" 222.583798520737 "NNNNNT/CNTNC" 122.603592507295
TRUE TRUE 0 0.5 0 2 FALSE 527 458 458 458 434 434 434 "NNANNNNNNC" 222.583798520737 "NNNNNT/CNTNC" 122.603592507295
TRUE TRUE 0 0.5 0 5 FALSE 527 458 458 458 434 434 434 "NNANNNNNNC" 222.583798520737 "NNNNNT/CNTNC" 122.603592507295
TRUE TRUE 0 0.5 0 7 FALSE 527 458 458 458 434 434 434 "NNANNNNNNC" 222.583798520737 "NNNNNT/CNTNC" 122.603592507295
TRUE TRUE 0 0.5 1 1 FALSE 527 458 458 458 454 437 437 "NNANNNNNNC" 223.731835864489 "NNNNNT/CNTNC" 120.913028718606
TRUE TRUE 0 0.5 1 2 FALSE 527 458 458 458 454 454 454 "NNANNNNNNC" 219.3204851314 "NNNNNT/CNTNC" 119.031173538245
TRUE TRUE 0 0.5 1 5 FALSE 527 458 458 458 454 454 454 "NNANNNNNNC" 219.3204851314 "NNNNNT/CNTNC" 119.031173538245
TRUE TRUE 0 0.5 1 7 FALSE 527 458 458 458 454 454 454 "NNANNNNNNC" 219.3204851314 "NNNNNT/CNTNC" 119.031173538245
TRUE TRUE 0 0.5 3 1 FALSE 527 458 458 458 458 439 439 "NNANNNNNNC" 221.709116992276 "NNNNNT/CNTNC" 120.236208027766
TRUE TRUE 0 0.5 3 2 FALSE 527 458 458 458 458 456 456 "NNANNNNNNC" 217.320834124214 "NNNNNT/CNTNC" 118.487600269
TRUE TRUE 0 0.5 3 5 FALSE 527 458 458 458 458 458 458 "NNANNNNNNC" 216.97209733567 "NNNNNT/CNTNC" 117.905885347163
TRUE TRUE 0 0.5 3 7 FALSE 527 458 458 458 458 458 458 "NNANNNNNNC" 216.97209733567 "NNNNNT/CNTNC" 117.905885347163
TRUE TRUE 0 0.5 5 1 FALSE 527 458 458 458 458 439 439 "NNANNNNNNC" 221.709116992276 "NNNNNT/CNTNC" 120.236208027766
TRUE TRUE 0 0.5 5 2 FALSE 527 458 458 458 458 456 456 "NNANNNNNNC" 217.320834124214 "NNNNNT/CNTNC" 118.487600269
TRUE TRUE 0 0.5 5 5 FALSE 527 458 458 458 458 458 458 "NNANNNNNNC" 216.97209733567 "NNNNNT/CNTNC" 117.905885347163
TRUE TRUE 0 0.5 5 7 FALSE 527 458 458 458 458 458 458 "NNANNNNNNC" 216.97209733567 "NNNNNT/CNTNC" 117.905885347163
TRUE TRUE 0 1 0 1 FALSE 527 458 458 458 434 434 434 "NNANNNNNNC" 222.583798520737 "NNNNNT/CNTNC" 122.603592507295
TRUE TRUE 0 1 0 2 FALSE 527 458 458 458 434 434 434 "NNANNNNNNC" 222.583798520737 "NNNNNT/CNTNC" 122.603592507295
TRUE TRUE 0 1 0 5 FALSE 527 458 458 458 434 434 434 "NNANNNNNNC" 222.583798520737 "NNNNNT/CNTNC" 122.603592507295
TRUE TRUE 0 1 0 7 FALSE 527 458 458 458 434 434 434 "NNANNNNNNC" 222.583798520737 "NNNNNT/CNTNC" 122.603592507295
TRUE TRUE 0 1 1 1 FALSE 527 458 458 458 454 437 437 "NNANNNNNNC" 223.731835864489 "NNNNNT/CNTNC" 120.913028718606
TRUE TRUE 0 1 1 2 FALSE 527 458 458 458 454 454 454 "NNANNNNNNC" 219.3204851314 "NNNNNT/CNTNC" 119.031173538245
TRUE TRUE 0 1 1 5 FALSE 527 458 458 458 454 454 454 "NNANNNNNNC" 219.3204851314 "NNNNNT/CNTNC" 119.031173538245
TRUE TRUE 0 1 1 7 FALSE 527 458 458 458 454 454 454 "NNANNNNNNC" 219.3204851314 "NNNNNT/CNTNC" 119.031173538245
TRUE TRUE 0 1 3 1 FALSE 527 458 458 458 458 439 439 "NNANNNNNNC" 221.709116992276 "NNNNNT/CNTNC" 120.236208027766
TRUE TRUE 0 1 3 2 FALSE 527 458 458 458 458 456 456 "NNANNNNNNC" 217.320834124214 "NNNNNT/CNTNC" 118.487600269
TRUE TRUE 0 1 3 5 FALSE 527 458 458 458 458 458 458 "NNANNNNNNC" 216.97209733567 "NNNNNT/CNTNC" 117.905885347163
TRUE TRUE 0 1 3 7 FALSE 527 458 458 458 458 458 458 "NNANNNNNNC" 216.97209733567 "NNNNNT/CNTNC" 117.905885347163
TRUE TRUE 0 1 5 1 FALSE 527 458 458 458 458 439 439 "NNANNNNNNC" 221.709116992276 "NNNNNT/CNTNC" 120.236208027766
TRUE TRUE 0 1 5 2 FALSE 527 458 458 458 458 456 456 "NNANNNNNNC" 217.320834124214 "NNNNNT/CNTNC" 118.487600269
TRUE TRUE 0 1 5 5 FALSE 527 458 458 458 458 458 458 "NNANNNNNNC" 216.97209733567 "NNNNNT/CNTNC" 117.905885347163
TRUE TRUE 0 1 5 7 FALSE 527 458 458 458 458 458 458 "NNANNNNNNC" 216.97209733567 "NNNNNT/CNTNC" 117.905885347163
TRUE TRUE 1 0.01 0 1 FALSE 527 458 458 398 377 377 377 "NGANNNNNNC" 162.011874367031 "T/GNNNNT/CNTNC" 106.323636581563
TRUE TRUE 1 0.01 0 2 FALSE 527 458 458 398 377 377 377 "NGANNNNNNC" 162.011874367031 "T/GNNNNT/CNTNC" 106.323636581563
TRUE TRUE 1 0.01 0 5 FALSE 527 458 458 398 377 377 377 "NGANNNNNNC" 162.011874367031 "T/GNNNNT/CNTNC" 106.323636581563
TRUE TRUE 1 0.01 0 7 FALSE 527 458 458 398 377 377 377 "NGANNNNNNC" 162.011874367031 "T/GNNNNT/CNTNC" 106.323636581563
TRUE TRUE 1 0.01 1 1 FALSE 527 458 458 398 394 379 379 "NGANNNNNNC" 163.59650792733 "T/GNNNNT/CNTNC" 106.249499232524
TRUE TRUE 1 0.01 1 2 FALSE 527 458 458 398 394 394 394 "NGANNNNNNC" 165.025032149623 "T/GNNNNT/CNTNC" 108.077674110607
TRUE TRUE 1 0.01 1 5 FALSE 527 458 458 398 394 394 394 "NGANNNNNNC" 165.025032149623 "T/GNNNNT/CNTNC" 108.077674110607
TRUE TRUE 1 0.01 1 7 FALSE 527 458 458 398 394 394 394 "NGANNNNNNC" 165.025032149623 "T/GNNNNT/CNTNC" 108.077674110607
TRUE TRUE 1 0.01 3 1 FALSE 527 458 458 398 398 381 381 "NGANNNNNNC" 162.903882427955 "T/GNNNNT/CNTNC" 105.950386017162
TRUE TRUE 1 0.01 3 2 FALSE 527 458 458 398 398 396 396 "NGANNNNNNC" 164.352015196683 "T/GNNNNT/CNTNC" 107.919405743868
TRUE TRUE 1 0.01 3 5 FALSE 527 458 458 398 398 398 398 "NGANNNNNNC" 164.648783368279 "T/GNNNNT/CNTNC" 106.710070711339
TRUE TRUE 1 0.01 3 7 FALSE 527 458 458 398 398 398 398 "NGANNNNNNC" 164.648783368279 "T/GNNNNT/CNTNC" 106.710070711339
TRUE TRUE 1 0.01 5 1 FALSE 527 458 458 398 398 381 381 "NGANNNNNNC" 162.903882427955 "T/GNNNNT/CNTNC" 105.950386017162
TRUE TRUE 1 0.01 5 2 FALSE 527 458 458 398 398 396 396 "NGANNNNNNC" 164.352015196683 "T/GNNNNT/CNTNC" 107.919405743868
TRUE TRUE 1 0.01 5 5 FALSE 527 458 458 398 398 398 398 "NGANNNNNNC" 164.648783368279 "T/GNNNNT/CNTNC" 106.710070711339
TRUE TRUE 1 0.01 5 7 FALSE 527 458 458 398 398 398 398 "NGANNNNNNC" 164.648783368279 "T/GNNNNT/CNTNC" 106.710070711339
TRUE TRUE 1 0.05 0 1 FALSE 527 458 458 458 434 434 434 "NNANNNNNNC" 222.583798520737 "NNNNNT/CNTNC" 122.603592507295
TRUE TRUE 1 0.05 0 2 FALSE 527 458 458 458 434 434 434 "NNANNNNNNC" 222.583798520737 "NNNNNT/CNTNC" 122.603592507295
TRUE TRUE 1 0.05 0 5 FALSE 527 458 458 458 434 434 434 "NNANNNNNNC" 222.583798520737 "NNNNNT/CNTNC" 122.603592507295
TRUE TRUE 1 0.05 0 7 FALSE 527 458 458 458 434 434 434 "NNANNNNNNC" 222.583798520737 "NNNNNT/CNTNC" 122.603592507295
TRUE TRUE 1 0.05 1 1 FALSE 527 458 458 458 454 437 437 "NNANNNNNNC" 223.731835864489 "NNNNNT/CNTNC" 120.913028718606
TRUE TRUE 1 0.05 1 2 FALSE 527 458 458 458 454 454 454 "NNANNNNNNC" 219.3204851314 "NNNNNT/CNTNC" 119.031173538245
TRUE TRUE 1 0.05 1 5 FALSE 527 458 458 458 454 454 454 "NNANNNNNNC" 219.3204851314 "NNNNNT/CNTNC" 119.031173538245
TRUE TRUE 1 0.05 1 7 FALSE 527 458 458 458 454 454 454 "NNANNNNNNC" 219.3204851314 "NNNNNT/CNTNC" 119.031173538245
TRUE TRUE 1 0.05 3 1 FALSE 527 458 458 458 458 439 439 "NNANNNNNNC" 221.709116992276 "NNNNNT/CNTNC" 120.236208027766
TRUE TRUE 1 0.05 3 2 FALSE 527 458 458 458 458 456 456 "NNANNNNNNC" 217.320834124214 "NNNNNT/CNTNC" 118.487600269
TRUE TRUE 1 0.05 3 5 FALSE 527 458 458 458 458 458 458 "NNANNNNNNC" 216.97209733567 "NNNNNT/CNTNC" 117.905885347163
TRUE TRUE 1 0.05 3 7 FALSE 527 458 458 458 458 458 458 "NNANNNNNNC" 216.97209733567 "NNNNNT/CNTNC" 117.905885347163
TRUE TRUE 1 0.05 5 1 FALSE 527 458 458 458 458 439 439 "NNANNNNNNC" 221.709116992276 "NNNNNT/CNTNC" 120.236208027766
TRUE TRUE 1 0.05 5 2 FALSE 527 458 458 458 458 456 456 "NNANNNNNNC" 217.320834124214 "NNNNNT/CNTNC" 118.487600269
TRUE TRUE 1 0.05 5 5 FALSE 527 458 458 458 458 458 458 "NNANNNNNNC" 216.97209733567 "NNNNNT/CNTNC" 117.905885347163
TRUE TRUE 1 0.05 5 7 FALSE 527 458 458 458 458 458 458 "NNANNNNNNC" 216.97209733567 "NNNNNT/CNTNC" 117.905885347163
TRUE TRUE 1 0.5 0 1 FALSE 527 458 458 458 434 434 434 "NNANNNNNNC" 222.583798520737 "NNNNNT/CNTNC" 122.603592507295
TRUE TRUE 1 0.5 0 2 FALSE 527 458 458 458 434 434 434 "NNANNNNNNC" 222.583798520737 "NNNNNT/CNTNC" 122.603592507295
TRUE TRUE 1 0.5 0 5 FALSE 527 458 458 458 434 434 434 "NNANNNNNNC" 222.583798520737 "NNNNNT/CNTNC" 122.603592507295
TRUE TRUE 1 0.5 0 7 FALSE 527 458 458 458 434 434 434 "NNANNNNNNC" 222.583798520737 "NNNNNT/CNTNC" 122.603592507295
TRUE TRUE 1 0.5 1 1 FALSE 527 458 458 458 454 437 437 "NNANNNNNNC" 223.731835864489 "NNNNNT/CNTNC" 120.913028718606
TRUE TRUE 1 0.5 1 2 FALSE 527 458 458 458 454 454 454 "NNANNNNNNC" 219.3204851314 "NNNNNT/CNTNC" 119.031173538245
TRUE TRUE 1 0.5 1 5 FALSE 527 458 458 458 454 454 454 "NNANNNNNNC" 219.3204851314 "NNNNNT/CNTNC" 119.031173538245
TRUE TRUE 1 0.5 1 7 FALSE 527 458 458 458 454 454 454 "NNANNNNNNC" 219.3204851314 "NNNNNT/CNTNC" 119.031173538245
TRUE TRUE 1 0.5 3 1 FALSE 527 458 458 458 458 439 439 "NNANNNNNNC" 221.709116992276 "NNNNNT/CNTNC" 120.236208027766
TRUE TRUE 1 0.5 3 2 FALSE 527 458 458 458 458 456 456 "NNANNNNNNC" 217.320834124214 "NNNNNT/CNTNC" 118.487600269
TRUE TRUE 1 0.5 3 5 FALSE 527 458 458 458 458 458 458 "NNANNNNNNC" 216.97209733567 "NNNNNT/CNTNC" 117.905885347163
TRUE TRUE 1 0.5 3 7 FALSE 527 458 458 458 458 458 458 "NNANNNNNNC" 216.97209733567 "NNNNNT/CNTNC" 117.905885347163
TRUE TRUE 1 0.5 5 1 FALSE 527 458 458 458 458 439 439 "NNANNNNNNC" 221.709116992276 "NNNNNT/CNTNC" 120.236208027766
TRUE TRUE 1 0.5 5 2 FALSE 527 458 458 458 458 456 456 "NNANNNNNNC" 217.320834124214 "NNNNNT/CNTNC" 118.487600269
TRUE TRUE 1 0.5 5 5 FALSE 527 458 458 458 458 458 458 "NNANNNNNNC" 216.97209733567 "NNNNNT/CNTNC" 117.905885347163
TRUE TRUE 1 0.5 5 7 FALSE 527 458 458 458 458 458 458 "NNANNNNNNC" 216.97209733567 "NNNNNT/CNTNC" 117.905885347163
TRUE TRUE 1 1 0 1 FALSE 527 458 458 458 434 434 434 "NNANNNNNNC" 222.583798520737 "NNNNNT/CNTNC" 122.603592507295
TRUE TRUE 1 1 0 2 FALSE 527 458 458 458 434 434 434 "NNANNNNNNC" 222.583798520737 "NNNNNT/CNTNC" 122.603592507295
TRUE TRUE 1 1 0 5 FALSE 527 458 458 458 434 434 434 "NNANNNNNNC" 222.583798520737 "NNNNNT/CNTNC" 122.603592507295
TRUE TRUE 1 1 0 7 FALSE 527 458 458 458 434 434 434 "NNANNNNNNC" 222.583798520737 "NNNNNT/CNTNC" 122.603592507295
TRUE TRUE 1 1 1 1 FALSE 527 458 458 458 454 437 437 "NNANNNNNNC" 223.731835864489 "NNNNNT/CNTNC" 120.913028718606
TRUE TRUE 1 1 1 2 FALSE 527 458 458 458 454 454 454 "NNANNNNNNC" 219.3204851314 "NNNNNT/CNTNC" 119.031173538245
TRUE TRUE 1 1 1 5 FALSE 527 458 458 458 454 454 454 "NNANNNNNNC" 219.3204851314 "NNNNNT/CNTNC" 119.031173538245
TRUE TRUE 1 1 1 7 FALSE 527 458 458 458 454 454 454 "NNANNNNNNC" 219.3204851314 "NNNNNT/CNTNC" 119.031173538245
TRUE TRUE 1 1 3 1 FALSE 527 458 458 458 458 439 439 "NNANNNNNNC" 221.709116992276 "NNNNNT/CNTNC" 120.236208027766
TRUE TRUE 1 1 3 2 FALSE 527 458 458 458 458 456 456 "NNANNNNNNC" 217.320834124214 "NNNNNT/CNTNC" 118.487600269
TRUE TRUE 1 1 3 5 FALSE 527 458 458 458 458 458 458 "NNANNNNNNC" 216.97209733567 "NNNNNT/CNTNC" 117.905885347163
TRUE TRUE 1 1 3 7 FALSE 527 458 458 458 458 458 458 "NNANNNNNNC" 216.97209733567 "NNNNNT/CNTNC" 117.905885347163
TRUE TRUE 1 1 5 1 FALSE 527 458 458 458 458 439 439 "NNANNNNNNC" 221.709116992276 "NNNNNT/CNTNC" 120.236208027766
TRUE TRUE 1 1 5 2 FALSE 527 458 458 458 458 456 456 "NNANNNNNNC" 217.320834124214 "NNNNNT/CNTNC" 118.487600269
TRUE TRUE 1 1 5 5 FALSE 527 458 458 458 458 458 458 "NNANNNNNNC" 216.97209733567 "NNNNNT/CNTNC" 117.905885347163
TRUE TRUE 1 1 5 7 FALSE 527 458 458 458 458 458 458 "NNANNNNNNC" 216.97209733567 "NNNNNT/CNTNC" 117.905885347163
TRUE TRUE 2 0.01 0 1 FALSE 527 458 458 398 377 377 377 "NGANNNNNNC" 162.011874367031 "T/GNNNNT/CNTNC" 106.323636581563
TRUE TRUE 2 0.01 0 2 FALSE 527 458 458 398 377 377 377 "NGANNNNNNC" 162.011874367031 "T/GNNNNT/CNTNC" 106.323636581563
TRUE TRUE 2 0.01 0 5 FALSE 527 458 458 398 377 377 377 "NGANNNNNNC" 162.011874367031 "T/GNNNNT/CNTNC" 106.323636581563
TRUE TRUE 2 0.01 0 7 FALSE 527 458 458 398 377 377 377 "NGANNNNNNC" 162.011874367031 "T/GNNNNT/CNTNC" 106.323636581563
TRUE TRUE 2 0.01 1 1 FALSE 527 458 458 398 394 379 379 "NGANNNNNNC" 163.59650792733 "T/GNNNNT/CNTNC" 106.249499232524
TRUE TRUE 2 0.01 1 2 FALSE 527 458 458 398 394 394 394 "NGANNNNNNC" 165.025032149623 "T/GNNNNT/CNTNC" 108.077674110607
TRUE TRUE 2 0.01 1 5 FALSE 527 458 458 398 394 394 394 "NGANNNNNNC" 165.025032149623 "T/GNNNNT/CNTNC" 108.077674110607
TRUE TRUE 2 0.01 1 7 FALSE 527 458 458 398 394 394 394 "NGANNNNNNC" 165.025032149623 "T/GNNNNT/CNTNC" 108.077674110607
TRUE TRUE 2 0.01 3 1 FALSE 527 458 458 398 398 381 381 "NGANNNNNNC" 162.903882427955 "T/GNNNNT/CNTNC" 105.950386017162
TRUE TRUE 2 0.01 3 2 FALSE 527 458 458 398 398 396 396 "NGANNNNNNC" 164.352015196683 "T/GNNNNT/CNTNC" 107.919405743868
TRUE TRUE 2 0.01 3 5 FALSE 527 458 458 398 398 398 398 "NGANNNNNNC" 164.648783368279 "T/GNNNNT/CNTNC" 106.710070711339
TRUE TRUE 2 0.01 3 7 FALSE 527 458 458 398 398 398 398 "NGANNNNNNC" 164.648783368279 "T/GNNNNT/CNTNC" 106.710070711339
TRUE TRUE 2 0.01 5 1 FALSE 527 458 458 398 398 381 381 "NGANNNNNNC" 162.903882427955 "T/GNNNNT/CNTNC" 105.950386017162
TRUE TRUE 2 0.01 5 2 FALSE 527 458 458 398 398 396 396 "NGANNNNNNC" 164.352015196683 "T/GNNNNT/CNTNC" 107.919405743868
TRUE TRUE 2 0.01 5 5 FALSE 527 458 458 398 398 398 398 "NGANNNNNNC" 164.648783368279 "T/GNNNNT/CNTNC" 106.710070711339
TRUE TRUE 2 0.01 5 7 FALSE 527 458 458 398 398 398 398 "NGANNNNNNC" 164.648783368279 "T/GNNNNT/CNTNC" 106.710070711339
TRUE TRUE 2 0.05 0 1 FALSE 527 458 458 458 434 434 434 "NNANNNNNNC" 222.583798520737 "NNNNNT/CNTNC" 122.603592507295
TRUE TRUE 2 0.05 0 2 FALSE 527 458 458 458 434 434 434 "NNANNNNNNC" 222.583798520737 "NNNNNT/CNTNC" 122.603592507295
TRUE TRUE 2 0.05 0 5 FALSE 527 458 458 458 434 434 434 "NNANNNNNNC" 222.583798520737 "NNNNNT/CNTNC" 122.603592507295
TRUE TRUE 2 0.05 0 7 FALSE 527 458 458 458 434 434 434 "NNANNNNNNC" 222.583798520737 "NNNNNT/CNTNC" 122.603592507295
TRUE TRUE 2 0.05 1 1 FALSE 527 458 458 458 454 437 437 "NNANNNNNNC" 223.731835864489 "NNNNNT/CNTNC" 120.913028718606
TRUE TRUE 2 0.05 1 2 FALSE 527 458 458 458 454 454 454 "NNANNNNNNC" 219.3204851314 "NNNNNT/CNTNC" 119.031173538245
TRUE TRUE 2 0.05 1 5 FALSE 527 458 458 458 454 454 454 "NNANNNNNNC" 219.3204851314 "NNNNNT/CNTNC" 119.031173538245
TRUE TRUE 2 0.05 1 7 FALSE 527 458 458 458 454 454 454 "NNANNNNNNC" 219.3204851314 "NNNNNT/CNTNC" 119.031173538245
TRUE TRUE 2 0.05 3 1 FALSE 527 458 458 458 458 439 439 "NNANNNNNNC" 221.709116992276 "NNNNNT/CNTNC" 120.236208027766
TRUE TRUE 2 0.05 3 2 FALSE 527 458 458 458 458 456 456 "NNANNNNNNC" 217.320834124214 "NNNNNT/CNTNC" 118.487600269
TRUE TRUE 2 0.05 3 5 FALSE 527 458 458 458 458 458 458 "NNANNNNNNC" 216.97209733567 "NNNNNT/CNTNC" 117.905885347163
TRUE TRUE 2 0.05 3 7 FALSE 527 458 458 458 458 458 458 "NNANNNNNNC" 216.97209733567 "NNNNNT/CNTNC" 117.905885347163
TRUE TRUE 2 0.05 5 1 FALSE 527 458 458 458 458 439 439 "NNANNNNNNC" 221.709116992276 "NNNNNT/CNTNC" 120.236208027766
TRUE TRUE 2 0.05 5 2 FALSE 527 458 458 458 458 456 456 "NNANNNNNNC" 217.320834124214 "NNNNNT/CNTNC" 118.487600269
TRUE TRUE 2 0.05 5 5 FALSE 527 458 458 458 458 458 458 "NNANNNNNNC" 216.97209733567 "NNNNNT/CNTNC" 117.905885347163
TRUE TRUE 2 0.05 5 7 FALSE 527 458 458 458 458 458 458 "NNANNNNNNC" 216.97209733567 "NNNNNT/CNTNC" 117.905885347163
TRUE TRUE 2 0.5 0 1 FALSE 527 458 458 458 434 434 434 "NNANNNNNNC" 222.583798520737 "NNNNNT/CNTNC" 122.603592507295
TRUE TRUE 2 0.5 0 2 FALSE 527 458 458 458 434 434 434 "NNANNNNNNC" 222.583798520737 "NNNNNT/CNTNC" 122.603592507295
TRUE TRUE 2 0.5 0 5 FALSE 527 458 458 458 434 434 434 "NNANNNNNNC" 222.583798520737 "NNNNNT/CNTNC" 122.603592507295
TRUE TRUE 2 0.5 0 7 FALSE 527 458 458 458 434 434 434 "NNANNNNNNC" 222.583798520737 "NNNNNT/CNTNC" 122.603592507295
TRUE TRUE 2 0.5 1 1 FALSE 527 458 458 458 454 437 437 "NNANNNNNNC" 223.731835864489 "NNNNNT/CNTNC" 120.913028718606
TRUE TRUE 2 0.5 1 2 FALSE 527 458 458 458 454 454 454 "NNANNNNNNC" 219.3204851314 "NNNNNT/CNTNC" 119.031173538245
TRUE TRUE 2 0.5 1 5 FALSE 527 458 458 458 454 454 454 "NNANNNNNNC" 219.3204851314 "NNNNNT/CNTNC" 119.031173538245
TRUE TRUE 2 0.5 1 7 FALSE 527 458 458 458 454 454 454 "NNANNNNNNC" 219.3204851314 "NNNNNT/CNTNC" 119.031173538245
TRUE TRUE 2 0.5 3 1 FALSE 527 458 458 458 458 439 439 "NNANNNNNNC" 221.709116992276 "NNNNNT/CNTNC" 120.236208027766
TRUE TRUE 2 0.5 3 2 FALSE 527 458 458 458 458 456 456 "NNANNNNNNC" 217.320834124214 "NNNNNT/CNTNC" 118.487600269
TRUE TRUE 2 0.5 3 5 FALSE 527 458 458 458 458 458 458 "NNANNNNNNC" 216.97209733567 "NNNNNT/CNTNC" 117.905885347163
TRUE TRUE 2 0.5 3 7 FALSE 527 458 458 458 458 458 458 "NNANNNNNNC" 216.97209733567 "NNNNNT/CNTNC" 117.905885347163
TRUE TRUE 2 0.5 5 1 FALSE 527 458 458 458 458 439 439 "NNANNNNNNC" 221.709116992276 "NNNNNT/CNTNC" 120.236208027766
TRUE TRUE 2 0.5 5 2 FALSE 527 458 458 458 458 456 456 "NNANNNNNNC" 217.320834124214 "NNNNNT/CNTNC" 118.487600269
TRUE TRUE 2 0.5 5 5 FALSE 527 458 458 458 458 458 458 "NNANNNNNNC" 216.97209733567 "NNNNNT/CNTNC" 117.905885347163
TRUE TRUE 2 0.5 5 7 FALSE 527 458 458 458 458 458 458 "NNANNNNNNC" 216.97209733567 "NNNNNT/CNTNC" 117.905885347163
TRUE TRUE 2 1 0 1 FALSE 527 458 458 458 434 434 434 "NNANNNNNNC" 222.583798520737 "NNNNNT/CNTNC" 122.603592507295
TRUE TRUE 2 1 0 2 FALSE 527 458 458 458 434 434 434 "NNANNNNNNC" 222.583798520737 "NNNNNT/CNTNC" 122.603592507295
TRUE TRUE 2 1 0 5 FALSE 527 458 458 458 434 434 434 "NNANNNNNNC" 222.583798520737 "NNNNNT/CNTNC" 122.603592507295
TRUE TRUE 2 1 0 7 FALSE 527 458 458 458 434 434 434 "NNANNNNNNC" 222.583798520737 "NNNNNT/CNTNC" 122.603592507295
TRUE TRUE 2 1 1 1 FALSE 527 458 458 458 454 437 437 "NNANNNNNNC" 223.731835864489 "NNNNNT/CNTNC" 120.913028718606
TRUE TRUE 2 1 1 2 FALSE 527 458 458 458 454 454 454 "NNANNNNNNC" 219.3204851314 "NNNNNT/CNTNC" 119.031173538245
TRUE TRUE 2 1 1 5 FALSE 527 458 458 458 454 454 454 "NNANNNNNNC" 219.3204851314 "NNNNNT/CNTNC" 119.031173538245
TRUE TRUE 2 1 1 7 FALSE 527 458 458 458 454 454 454 "NNANNNNNNC" 219.3204851314 "NNNNNT/CNTNC" 119.031173538245
TRUE TRUE 2 1 3 1 FALSE 527 458 458 458 458 439 439 "NNANNNNNNC" 221.709116992276 "NNNNNT/CNTNC" 120.236208027766
TRUE TRUE 2 1 3 2 FALSE 527 458 458 458 458 456 456 "NNANNNNNNC" 217.320834124214 "NNNNNT/CNTNC" 118.487600269
TRUE TRUE 2 1 3 5 FALSE 527 458 458 458 458 458 458 "NNANNNNNNC" 216.97209733567 "NNNNNT/CNTNC" 117.905885347163
TRUE TRUE 2 1 3 7 FALSE 527 458 458 458 458 458 458 "NNANNNNNNC" 216.97209733567 "NNNNNT/CNTNC" 117.905885347163
TRUE TRUE 2 1 5 1 FALSE 527 458 458 458 458 439 439 "NNANNNNNNC" 221.709116992276 "NNNNNT/CNTNC" 120.236208027766
TRUE TRUE 2 1 5 2 FALSE 527 458 458 458 458 456 456 "NNANNNNNNC" 217.320834124214 "NNNNNT/CNTNC" 118.487600269
TRUE TRUE 2 1 5 5 FALSE 527 458 458 458 458 458 458 "NNANNNNNNC" 216.97209733567 "NNNNNT/CNTNC" 117.905885347163
TRUE TRUE 2 1 5 7 FALSE 527 458 458 458 458 458 458 "NNANNNNNNC" 216.97209733567 "NNNNNT/CNTNC" 117.905885347163
TRUE TRUE 3 0.01 0 1 FALSE 527 458 458 398 377 377 377 "NGANNNNNNC" 162.011874367031 "T/GNNNNT/CNTNC" 106.323636581563
TRUE TRUE 3 0.01 0 2 FALSE 527 458 458 398 377 377 377 "NGANNNNNNC" 162.011874367031 "T/GNNNNT/CNTNC" 106.323636581563
TRUE TRUE 3 0.01 0 5 FALSE 527 458 458 398 377 377 377 "NGANNNNNNC" 162.011874367031 "T/GNNNNT/CNTNC" 106.323636581563
TRUE TRUE 3 0.01 0 7 FALSE 527 458 458 398 377 377 377 "NGANNNNNNC" 162.011874367031 "T/GNNNNT/CNTNC" 106.323636581563
TRUE TRUE 3 0.01 1 1 FALSE 527 458 458 398 394 379 379 "NGANNNNNNC" 163.59650792733 "T/GNNNNT/CNTNC" 106.249499232524
TRUE TRUE 3 0.01 1 2 FALSE 527 458 458 398 394 394 394 "NGANNNNNNC" 165.025032149623 "T/GNNNNT/CNTNC" 108.077674110607
TRUE TRUE 3 0.01 1 5 FALSE 527 458 458 398 394 394 394 "NGANNNNNNC" 165.025032149623 "T/GNNNNT/CNTNC" 108.077674110607
TRUE TRUE 3 0.01 1 7 FALSE 527 458 458 398 394 394 394 "NGANNNNNNC" 165.025032149623 "T/GNNNNT/CNTNC" 108.077674110607
TRUE TRUE 3 0.01 3 1 FALSE 527 458 458 398 398 381 381 "NGANNNNNNC" 162.903882427955 "T/GNNNNT/CNTNC" 105.950386017162
TRUE TRUE 3 0.01 3 2 FALSE 527 458 458 398 398 396 396 "NGANNNNNNC" 164.352015196683 "T/GNNNNT/CNTNC" 107.919405743868
TRUE TRUE 3 0.01 3 5 FALSE 527 458 458 398 398 398 398 "NGANNNNNNC" 164.648783368279 "T/GNNNNT/CNTNC" 106.710070711339
TRUE TRUE 3 0.01 3 7 FALSE 527 458 458 398 398 398 398 "NGANNNNNNC" 164.648783368279 "T/GNNNNT/CNTNC" 106.710070711339
TRUE TRUE 3 0.01 5 1 FALSE 527 458 458 398 398 381 381 "NGANNNNNNC" 162.903882427955 "T/GNNNNT/CNTNC" 105.950386017162
TRUE TRUE 3 0.01 5 2 FALSE 527 458 458 398 398 396 396 "NGANNNNNNC" 164.352015196683 "T/GNNNNT/CNTNC" 107.919405743868
TRUE TRUE 3 0.01 5 5 FALSE 527 458 458 398 398 398 398 "NGANNNNNNC" 164.648783368279 "T/GNNNNT/CNTNC" 106.710070711339
TRUE TRUE 3 0.01 5 7 FALSE 527 458 458 398 398 398 398 "NGANNNNNNC" 164.648783368279 "T/GNNNNT/CNTNC" 106.710070711339
TRUE TRUE 3 0.05 0 1 FALSE 527 458 458 458 434 434 434 "NNANNNNNNC" 222.583798520737 "NNNNNT/CNTNC" 122.603592507295
TRUE TRUE 3 0.05 0 2 FALSE 527 458 458 458 434 434 434 "NNANNNNNNC" 222.583798520737 "NNNNNT/CNTNC" 122.603592507295
TRUE TRUE 3 0.05 0 5 FALSE 527 458 458 458 434 434 434 "NNANNNNNNC" 222.583798520737 "NNNNNT/CNTNC" 122.603592507295
TRUE TRUE 3 0.05 0 7 FALSE 527 458 458 458 434 434 434 "NNANNNNNNC" 222.583798520737 "NNNNNT/CNTNC" 122.603592507295
TRUE TRUE 3 0.05 1 1 FALSE 527 458 458 458 454 437 437 "NNANNNNNNC" 223.731835864489 "NNNNNT/CNTNC" 120.913028718606
TRUE TRUE 3 0.05 1 2 FALSE 527 458 458 458 454 454 454 "NNANNNNNNC" 219.3204851314 "NNNNNT/CNTNC" 119.031173538245
TRUE TRUE 3 0.05 1 5 FALSE 527 458 458 458 454 454 454 "NNANNNNNNC" 219.3204851314 "NNNNNT/CNTNC" 119.031173538245
TRUE TRUE 3 0.05 1 7 FALSE 527 458 458 458 454 454 454 "NNANNNNNNC" 219.3204851314 "NNNNNT/CNTNC" 119.031173538245
TRUE TRUE 3 0.05 3 1 FALSE 527 458 458 458 458 439 439 "NNANNNNNNC" 221.709116992276 "NNNNNT/CNTNC" 120.236208027766
TRUE TRUE 3 0.05 3 2 FALSE 527 458 458 458 458 456 456 "NNANNNNNNC" 217.320834124214 "NNNNNT/CNTNC" 118.487600269
TRUE TRUE 3 0.05 3 5 FALSE 527 458 458 458 458 458 458 "NNANNNNNNC" 216.97209733567 "NNNNNT/CNTNC" 117.905885347163
TRUE TRUE 3 0.05 3 7 FALSE 527 458 458 458 458 458 458 "NNANNNNNNC" 216.97209733567 "NNNNNT/CNTNC" 117.905885347163
TRUE TRUE 3 0.05 5 1 FALSE 527 458 458 458 458 439 439 "NNANNNNNNC" 221.709116992276 "NNNNNT/CNTNC" 120.236208027766
TRUE TRUE 3 0.05 5 2 FALSE 527 458 458 458 458 456 456 "NNANNNNNNC" 217.320834124214 "NNNNNT/CNTNC" 118.487600269
TRUE TRUE 3 0.05 5 5 FALSE 527 458 458 458 458 458 458 "NNANNNNNNC" 216.97209733567 "NNNNNT/CNTNC" 117.905885347163
TRUE TRUE 3 0.05 5 7 FALSE 527 458 458 458 458 458 458 "NNANNNNNNC" 216.97209733567 "NNNNNT/CNTNC" 117.905885347163
TRUE TRUE 3 0.5 0 1 FALSE 527 458 458 458 434 434 434 "NNANNNNNNC" 222.583798520737 "NNNNNT/CNTNC" 122.603592507295
TRUE TRUE 3 0.5 0 2 FALSE 527 458 458 458 434 434 434 "NNANNNNNNC" 222.583798520737 "NNNNNT/CNTNC" 122.603592507295
TRUE TRUE 3 0.5 0 5 FALSE 527 458 458 458 434 434 434 "NNANNNNNNC" 222.583798520737 "NNNNNT/CNTNC" 122.603592507295
TRUE TRUE 3 0.5 0 7 FALSE 527 458 458 458 434 434 434 "NNANNNNNNC" 222.583798520737 "NNNNNT/CNTNC" 122.603592507295
TRUE TRUE 3 0.5 1 1 FALSE 527 458 458 458 454 437 437 "NNANNNNNNC" 223.731835864489 "NNNNNT/CNTNC" 120.913028718606
TRUE TRUE 3 0.5 1 2 FALSE 527 458 458 458 454 454 454 "NNANNNNNNC" 219.3204851314 "NNNNNT/CNTNC" 119.031173538245
TRUE TRUE 3 0.5 1 5 FALSE 527 458 458 458 454 454 454 "NNANNNNNNC" 219.3204851314 "NNNNNT/CNTNC" 119.031173538245
TRUE TRUE 3 0.5 1 7 FALSE 527 458 458 458 454 454 454 "NNANNNNNNC" 219.3204851314 "NNNNNT/CNTNC" 119.031173538245
TRUE TRUE 3 0.5 3 1 FALSE 527 458 458 458 458 439 439 "NNANNNNNNC" 221.709116992276 "NNNNNT/CNTNC" 120.236208027766
TRUE TRUE 3 0.5 3 2 FALSE 527 458 458 458 458 456 456 "NNANNNNNNC" 217.320834124214 "NNNNNT/CNTNC" 118.487600269
TRUE TRUE 3 0.5 3 5 FALSE 527 458 458 458 458 458 458 "NNANNNNNNC" 216.97209733567 "NNNNNT/CNTNC" 117.905885347163
TRUE TRUE 3 0.5 3 7 FALSE 527 458 458 458 458 458 458 "NNANNNNNNC" 216.97209733567 "NNNNNT/CNTNC" 117.905885347163
TRUE TRUE 3 0.5 5 1 FALSE 527 458 458 458 458 439 439 "NNANNNNNNC" 221.709116992276 "NNNNNT/CNTNC" 120.236208027766
TRUE TRUE 3 0.5 5 2 FALSE 527 458 458 458 458 456 456 "NNANNNNNNC" 217.320834124214 "NNNNNT/CNTNC" 118.487600269
TRUE TRUE 3 0.5 5 5 FALSE 527 458 458 458 458 458 458 "NNANNNNNNC" 216.97209733567 "NNNNNT/CNTNC" 117.905885347163
TRUE TRUE 3 0.5 5 7 FALSE 527 458 458 458 458 458 458 "NNANNNNNNC" 216.97209733567 "NNNNNT/CNTNC" 117.905885347163
TRUE TRUE 3 1 0 1 FALSE 527 458 458 458 434 434 434 "NNANNNNNNC" 222.583798520737 "NNNNNT/CNTNC" 122.603592507295
TRUE TRUE 3 1 0 2 FALSE 527 458 458 458 434 434 434 "NNANNNNNNC" 222.583798520737 "NNNNNT/CNTNC" 122.603592507295
TRUE TRUE 3 1 0 5 FALSE 527 458 458 458 434 434 434 "NNANNNNNNC" 222.583798520737 "NNNNNT/CNTNC" 122.603592507295
TRUE TRUE 3 1 0 7 FALSE 527 458 458 458 434 434 434 "NNANNNNNNC" 222.583798520737 "NNNNNT/CNTNC" 122.603592507295
TRUE TRUE 3 1 1 1 FALSE 527 458 458 458 454 437 437 "NNANNNNNNC" 223.731835864489 "NNNNNT/CNTNC" 120.913028718606
TRUE TRUE 3 1 1 2 FALSE 527 458 458 458 454 454 454 "NNANNNNNNC" 219.3204851314 "NNNNNT/CNTNC" 119.031173538245
TRUE TRUE 3 1 1 5 FALSE 527 458 458 458 454 454 454 "NNANNNNNNC" 219.3204851314 "NNNNNT/CNTNC" 119.031173538245
TRUE TRUE 3 1 1 7 FALSE 527 458 458 458 454 454 454 "NNANNNNNNC" 219.3204851314 "NNNNNT/CNTNC" 119.031173538245
TRUE TRUE 3 1 3 1 FALSE 527 458 458 458 458 439 439 "NNANNNNNNC" 221.709116992276 "NNNNNT/CNTNC" 120.236208027766
TRUE TRUE 3 1 3 2 FALSE 527 458 458 458 458 456 456 "NNANNNNNNC" 217.320834124214 "NNNNNT/CNTNC" 118.487600269
TRUE TRUE 3 1 3 5 FALSE 527 458 458 458 458 458 458 "NNANNNNNNC" 216.97209733567 "NNNNNT/CNTNC" 117.905885347163
TRUE TRUE 3 1 3 7 FALSE 527 458 458 458 458 458 458 "NNANNNNNNC" 216.97209733567 "NNNNNT/CNTNC" 117.905885347163
TRUE TRUE 3 1 5 1 FALSE 527 458 458 458 458 439 439 "NNANNNNNNC" 221.709116992276 "NNNNNT/CNTNC" 120.236208027766
TRUE TRUE 3 1 5 2 FALSE 527 458 458 458 458 456 456 "NNANNNNNNC" 217.320834124214 "NNNNNT/CNTNC" 118.487600269
TRUE TRUE 3 1 5 5 FALSE 527 458 458 458 458 458 458 "NNANNNNNNC" 216.97209733567 "NNNNNT/CNTNC" 117.905885347163
TRUE TRUE 3 1 5 7 FALSE 527 458 458 458 458 458 458 "NNANNNNNNC" 216.97209733567 "NNNNNT/CNTNC" 117.905885347163
