"uniqueAligns" "excludeSelf" "numGaps" "e.value" "nucleotidesShorterThanProtospacer" "queryStart" "prophageOnly" "Filter0" "Filter1" "Filter2" "Filter3" "Filter4" "Filter5" "Filter6" "upPAM" "upScore" "downPAM" "downScore"
TRUE TRUE 0 0.01 0 1 FALSE 133 107 106 86 84 84 84 "A/TNNNNNNA/CA/GN" 36.4468510781405 "CNTNNNNNNN" 34.2580918151416
TRUE TRUE 0 0.01 0 2 FALSE 133 107 106 86 84 84 84 "A/TNNNNNNA/CA/GN" 36.4468510781405 "CNTNNNNNNN" 34.2580918151416
TRUE TRUE 0 0.01 0 5 FALSE 133 107 106 86 84 84 84 "A/TNNNNNNA/CA/GN" 36.4468510781405 "CNTNNNNNNN" 34.2580918151416
TRUE TRUE 0 0.01 0 7 FALSE 133 107 106 86 84 84 84 "A/TNNNNNNA/CA/GN" 36.4468510781405 "CNTNNNNNNN" 34.2580918151416
TRUE TRUE 0 0.01 1 1 FALSE 133 107 106 86 84 84 84 "A/TNNNNNNA/CA/GN" 36.4468510781405 "CNTNNNNNNN" 34.2580918151416
TRUE TRUE 0 0.01 1 2 FALSE 133 107 106 86 84 84 84 "A/TNNNNNNA/CA/GN" 36.4468510781405 "CNTNNNNNNN" 34.2580918151416
TRUE TRUE 0 0.01 1 5 FALSE 133 107 106 86 84 84 84 "A/TNNNNNNA/CA/GN" 36.4468510781405 "CNTNNNNNNN" 34.2580918151416
TRUE TRUE 0 0.01 1 7 FALSE 133 107 106 86 84 84 84 "A/TNNNNNNA/CA/GN" 36.4468510781405 "CNTNNNNNNN" 34.2580918151416
TRUE TRUE 0 0.01 3 1 FALSE 133 107 106 86 85 85 85 "A/TNNNNNNA/CA/GN" 36.4221712590633 "CNTNNNNNNN" 35.0525311327733
TRUE TRUE 0 0.01 3 2 FALSE 133 107 106 86 85 85 85 "A/TNNNNNNA/CA/GN" 36.4221712590633 "CNTNNNNNNN" 35.0525311327733
TRUE TRUE 0 0.01 3 5 FALSE 133 107 106 86 85 85 85 "A/TNNNNNNA/CA/GN" 36.4221712590633 "CNTNNNNNNN" 35.0525311327733
TRUE TRUE 0 0.01 3 7 FALSE 133 107 106 86 85 85 85 "A/TNNNNNNA/CA/GN" 36.4221712590633 "CNTNNNNNNN" 35.0525311327733
TRUE TRUE 0 0.01 5 1 FALSE 133 107 106 86 86 85 85 "A/TNNNNNNA/CA/GN" 36.4221712590633 "CNTNNNNNNN" 35.0525311327733
TRUE TRUE 0 0.01 5 2 FALSE 133 107 106 86 86 85 85 "A/TNNNNNNA/CA/GN" 36.4221712590633 "CNTNNNNNNN" 35.0525311327733
TRUE TRUE 0 0.01 5 5 FALSE 133 107 106 86 86 85 85 "A/TNNNNNNA/CA/GN" 36.4221712590633 "CNTNNNNNNN" 35.0525311327733
TRUE TRUE 0 0.01 5 7 FALSE 133 107 106 86 86 86 86 "A/TNNNNNNA/CA/GN" 36.4221712590633 "CNTNNNNNNN" 35.0525311327733
TRUE TRUE 0 0.05 0 1 FALSE 133 107 106 106 97 97 97 "NT/CNNNNNA/CA/GN" 43.3677292436537 "CNTNNNNNNN" 37.3201997509929
TRUE TRUE 0 0.05 0 2 FALSE 133 107 106 106 97 97 97 "NT/CNNNNNA/CA/GN" 43.3677292436537 "CNTNNNNNNN" 37.3201997509929
TRUE TRUE 0 0.05 0 5 FALSE 133 107 106 106 97 97 97 "NT/CNNNNNA/CA/GN" 43.3677292436537 "CNTNNNNNNN" 37.3201997509929
TRUE TRUE 0 0.05 0 7 FALSE 133 107 106 106 97 97 97 "NT/CNNNNNA/CA/GN" 43.3677292436537 "CNTNNNNNNN" 37.3201997509929
TRUE TRUE 0 0.05 1 1 FALSE 133 107 106 106 97 97 97 "NT/CNNNNNA/CA/GN" 43.3677292436537 "CNTNNNNNNN" 37.3201997509929
TRUE TRUE 0 0.05 1 2 FALSE 133 107 106 106 97 97 97 "NT/CNNNNNA/CA/GN" 43.3677292436537 "CNTNNNNNNN" 37.3201997509929
TRUE TRUE 0 0.05 1 5 FALSE 133 107 106 106 97 97 97 "NT/CNNNNNA/CA/GN" 43.3677292436537 "CNTNNNNNNN" 37.3201997509929
TRUE TRUE 0 0.05 1 7 FALSE 133 107 106 106 97 97 97 "NT/CNNNNNA/CA/GN" 43.3677292436537 "CNTNNNNNNN" 37.3201997509929
TRUE TRUE 0 0.05 3 1 FALSE 133 107 106 106 103 98 98 "NT/CNNNNNA/CA/GN" 43.0328895707712 "CNTNNNNNNN" 38.0879474781193
TRUE TRUE 0 0.05 3 2 FALSE 133 107 106 106 103 98 98 "NT/CNNNNNA/CA/GN" 43.0328895707712 "CNTNNNNNNN" 38.0879474781193
TRUE TRUE 0 0.05 3 5 FALSE 133 107 106 106 103 103 103 "NT/CNNNNNA/CNN" 53.0307459166162 "CNTNNNNNNN" 41.9722988806891
TRUE TRUE 0 0.05 3 7 FALSE 133 107 106 106 103 103 103 "NT/CNNNNNA/CNN" 53.0307459166162 "CNTNNNNNNN" 41.9722988806891
TRUE TRUE 0 0.05 5 1 FALSE 133 107 106 106 105 98 98 "NT/CNNNNNA/CA/GN" 43.0328895707712 "CNTNNNNNNN" 38.0879474781193
TRUE TRUE 0 0.05 5 2 FALSE 133 107 106 106 105 98 98 "NT/CNNNNNA/CA/GN" 43.0328895707712 "CNTNNNNNNN" 38.0879474781193
TRUE TRUE 0 0.05 5 5 FALSE 133 107 106 106 105 104 104 "NT/CNNNNNA/CNN" 52.9779866368629 "CNTNNNNNNN" 41.7579418025031
TRUE TRUE 0 0.05 5 7 FALSE 133 107 106 106 105 105 105 "NT/CNNNNNA/CNN" 52.9779866368629 "CNTNNNNNNN" 41.7579418025031
TRUE TRUE 0 0.5 0 1 FALSE 133 107 106 106 97 97 97 "NT/CNNNNNA/CA/GN" 43.3677292436537 "CNTNNNNNNN" 37.3201997509929
TRUE TRUE 0 0.5 0 2 FALSE 133 107 106 106 97 97 97 "NT/CNNNNNA/CA/GN" 43.3677292436537 "CNTNNNNNNN" 37.3201997509929
TRUE TRUE 0 0.5 0 5 FALSE 133 107 106 106 97 97 97 "NT/CNNNNNA/CA/GN" 43.3677292436537 "CNTNNNNNNN" 37.3201997509929
TRUE TRUE 0 0.5 0 7 FALSE 133 107 106 106 97 97 97 "NT/CNNNNNA/CA/GN" 43.3677292436537 "CNTNNNNNNN" 37.3201997509929
TRUE TRUE 0 0.5 1 1 FALSE 133 107 106 106 97 97 97 "NT/CNNNNNA/CA/GN" 43.3677292436537 "CNTNNNNNNN" 37.3201997509929
TRUE TRUE 0 0.5 1 2 FALSE 133 107 106 106 97 97 97 "NT/CNNNNNA/CA/GN" 43.3677292436537 "CNTNNNNNNN" 37.3201997509929
TRUE TRUE 0 0.5 1 5 FALSE 133 107 106 106 97 97 97 "NT/CNNNNNA/CA/GN" 43.3677292436537 "CNTNNNNNNN" 37.3201997509929
TRUE TRUE 0 0.5 1 7 FALSE 133 107 106 106 97 97 97 "NT/CNNNNNA/CA/GN" 43.3677292436537 "CNTNNNNNNN" 37.3201997509929
TRUE TRUE 0 0.5 3 1 FALSE 133 107 106 106 103 98 98 "NT/CNNNNNA/CA/GN" 43.0328895707712 "CNTNNNNNNN" 38.0879474781193
TRUE TRUE 0 0.5 3 2 FALSE 133 107 106 106 103 98 98 "NT/CNNNNNA/CA/GN" 43.0328895707712 "CNTNNNNNNN" 38.0879474781193
TRUE TRUE 0 0.5 3 5 FALSE 133 107 106 106 103 103 103 "NT/CNNNNNA/CNN" 53.0307459166162 "CNTNNNNNNN" 41.9722988806891
TRUE TRUE 0 0.5 3 7 FALSE 133 107 106 106 103 103 103 "NT/CNNNNNA/CNN" 53.0307459166162 "CNTNNNNNNN" 41.9722988806891
TRUE TRUE 0 0.5 5 1 FALSE 133 107 106 106 105 98 98 "NT/CNNNNNA/CA/GN" 43.0328895707712 "CNTNNNNNNN" 38.0879474781193
TRUE TRUE 0 0.5 5 2 FALSE 133 107 106 106 105 98 98 "NT/CNNNNNA/CA/GN" 43.0328895707712 "CNTNNNNNNN" 38.0879474781193
TRUE TRUE 0 0.5 5 5 FALSE 133 107 106 106 105 104 104 "NT/CNNNNNA/CNN" 52.9779866368629 "CNTNNNNNNN" 41.7579418025031
TRUE TRUE 0 0.5 5 7 FALSE 133 107 106 106 105 105 105 "NT/CNNNNNA/CNN" 52.9779866368629 "CNTNNNNNNN" 41.7579418025031
TRUE TRUE 0 1 0 1 FALSE 133 107 106 106 97 97 97 "NT/CNNNNNA/CA/GN" 43.3677292436537 "CNTNNNNNNN" 37.3201997509929
TRUE TRUE 0 1 0 2 FALSE 133 107 106 106 97 97 97 "NT/CNNNNNA/CA/GN" 43.3677292436537 "CNTNNNNNNN" 37.3201997509929
TRUE TRUE 0 1 0 5 FALSE 133 107 106 106 97 97 97 "NT/CNNNNNA/CA/GN" 43.3677292436537 "CNTNNNNNNN" 37.3201997509929
TRUE TRUE 0 1 0 7 FALSE 133 107 106 106 97 97 97 "NT/CNNNNNA/CA/GN" 43.3677292436537 "CNTNNNNNNN" 37.3201997509929
TRUE TRUE 0 1 1 1 FALSE 133 107 106 106 97 97 97 "NT/CNNNNNA/CA/GN" 43.3677292436537 "CNTNNNNNNN" 37.3201997509929
TRUE TRUE 0 1 1 2 FALSE 133 107 106 106 97 97 97 "NT/CNNNNNA/CA/GN" 43.3677292436537 "CNTNNNNNNN" 37.3201997509929
TRUE TRUE 0 1 1 5 FALSE 133 107 106 106 97 97 97 "NT/CNNNNNA/CA/GN" 43.3677292436537 "CNTNNNNNNN" 37.3201997509929
TRUE TRUE 0 1 1 7 FALSE 133 107 106 106 97 97 97 "NT/CNNNNNA/CA/GN" 43.3677292436537 "CNTNNNNNNN" 37.3201997509929
TRUE TRUE 0 1 3 1 FALSE 133 107 106 106 103 98 98 "NT/CNNNNNA/CA/GN" 43.0328895707712 "CNTNNNNNNN" 38.0879474781193
TRUE TRUE 0 1 3 2 FALSE 133 107 106 106 103 98 98 "NT/CNNNNNA/CA/GN" 43.0328895707712 "CNTNNNNNNN" 38.0879474781193
TRUE TRUE 0 1 3 5 FALSE 133 107 106 106 103 103 103 "NT/CNNNNNA/CNN" 53.0307459166162 "CNTNNNNNNN" 41.9722988806891
TRUE TRUE 0 1 3 7 FALSE 133 107 106 106 103 103 103 "NT/CNNNNNA/CNN" 53.0307459166162 "CNTNNNNNNN" 41.9722988806891
TRUE TRUE 0 1 5 1 FALSE 133 107 106 106 105 98 98 "NT/CNNNNNA/CA/GN" 43.0328895707712 "CNTNNNNNNN" 38.0879474781193
TRUE TRUE 0 1 5 2 FALSE 133 107 106 106 105 98 98 "NT/CNNNNNA/CA/GN" 43.0328895707712 "CNTNNNNNNN" 38.0879474781193
TRUE TRUE 0 1 5 5 FALSE 133 107 106 106 105 104 104 "NT/CNNNNNA/CNN" 52.9779866368629 "CNTNNNNNNN" 41.7579418025031
TRUE TRUE 0 1 5 7 FALSE 133 107 106 106 105 105 105 "NT/CNNNNNA/CNN" 52.9779866368629 "CNTNNNNNNN" 41.7579418025031
TRUE TRUE 1 0.01 0 1 FALSE 133 107 107 86 84 84 84 "A/TNNNNNNA/CA/GN" 36.4468510781405 "CNTNNNNNNN" 34.2580918151416
TRUE TRUE 1 0.01 0 2 FALSE 133 107 107 86 84 84 84 "A/TNNNNNNA/CA/GN" 36.4468510781405 "CNTNNNNNNN" 34.2580918151416
TRUE TRUE 1 0.01 0 5 FALSE 133 107 107 86 84 84 84 "A/TNNNNNNA/CA/GN" 36.4468510781405 "CNTNNNNNNN" 34.2580918151416
TRUE TRUE 1 0.01 0 7 FALSE 133 107 107 86 84 84 84 "A/TNNNNNNA/CA/GN" 36.4468510781405 "CNTNNNNNNN" 34.2580918151416
TRUE TRUE 1 0.01 1 1 FALSE 133 107 107 86 84 84 84 "A/TNNNNNNA/CA/GN" 36.4468510781405 "CNTNNNNNNN" 34.2580918151416
TRUE TRUE 1 0.01 1 2 FALSE 133 107 107 86 84 84 84 "A/TNNNNNNA/CA/GN" 36.4468510781405 "CNTNNNNNNN" 34.2580918151416
TRUE TRUE 1 0.01 1 5 FALSE 133 107 107 86 84 84 84 "A/TNNNNNNA/CA/GN" 36.4468510781405 "CNTNNNNNNN" 34.2580918151416
TRUE TRUE 1 0.01 1 7 FALSE 133 107 107 86 84 84 84 "A/TNNNNNNA/CA/GN" 36.4468510781405 "CNTNNNNNNN" 34.2580918151416
TRUE TRUE 1 0.01 3 1 FALSE 133 107 107 86 85 85 85 "A/TNNNNNNA/CA/GN" 36.4221712590633 "CNTNNNNNNN" 35.0525311327733
TRUE TRUE 1 0.01 3 2 FALSE 133 107 107 86 85 85 85 "A/TNNNNNNA/CA/GN" 36.4221712590633 "CNTNNNNNNN" 35.0525311327733
TRUE TRUE 1 0.01 3 5 FALSE 133 107 107 86 85 85 85 "A/TNNNNNNA/CA/GN" 36.4221712590633 "CNTNNNNNNN" 35.0525311327733
TRUE TRUE 1 0.01 3 7 FALSE 133 107 107 86 85 85 85 "A/TNNNNNNA/CA/GN" 36.4221712590633 "CNTNNNNNNN" 35.0525311327733
TRUE TRUE 1 0.01 5 1 FALSE 133 107 107 86 86 85 85 "A/TNNNNNNA/CA/GN" 36.4221712590633 "CNTNNNNNNN" 35.0525311327733
TRUE TRUE 1 0.01 5 2 FALSE 133 107 107 86 86 85 85 "A/TNNNNNNA/CA/GN" 36.4221712590633 "CNTNNNNNNN" 35.0525311327733
TRUE TRUE 1 0.01 5 5 FALSE 133 107 107 86 86 85 85 "A/TNNNNNNA/CA/GN" 36.4221712590633 "CNTNNNNNNN" 35.0525311327733
TRUE TRUE 1 0.01 5 7 FALSE 133 107 107 86 86 86 86 "A/TNNNNNNA/CA/GN" 36.4221712590633 "CNTNNNNNNN" 35.0525311327733
TRUE TRUE 1 0.05 0 1 FALSE 133 107 107 107 98 98 98 "NNNNNNNA/CA/GN" 47.7569433200349 "CNTNNNNNNN" 38.0879474781193
TRUE TRUE 1 0.05 0 2 FALSE 133 107 107 107 98 98 98 "NNNNNNNA/CA/GN" 47.7569433200349 "CNTNNNNNNN" 38.0879474781193
TRUE TRUE 1 0.05 0 5 FALSE 133 107 107 107 98 98 98 "NNNNNNNA/CA/GN" 47.7569433200349 "CNTNNNNNNN" 38.0879474781193
TRUE TRUE 1 0.05 0 7 FALSE 133 107 107 107 98 98 98 "NNNNNNNA/CA/GN" 47.7569433200349 "CNTNNNNNNN" 38.0879474781193
TRUE TRUE 1 0.05 1 1 FALSE 133 107 107 107 98 98 98 "NNNNNNNA/CA/GN" 47.7569433200349 "CNTNNNNNNN" 38.0879474781193
TRUE TRUE 1 0.05 1 2 FALSE 133 107 107 107 98 98 98 "NNNNNNNA/CA/GN" 47.7569433200349 "CNTNNNNNNN" 38.0879474781193
TRUE TRUE 1 0.05 1 5 FALSE 133 107 107 107 98 98 98 "NNNNNNNA/CA/GN" 47.7569433200349 "CNTNNNNNNN" 38.0879474781193
TRUE TRUE 1 0.05 1 7 FALSE 133 107 107 107 98 98 98 "NNNNNNNA/CA/GN" 47.7569433200349 "CNTNNNNNNN" 38.0879474781193
TRUE TRUE 1 0.05 3 1 FALSE 133 107 107 107 104 99 99 "A/TNNNNNNA/CA/GN" 41.4989905700263 "CNTNNNNNNN" 38.8588340201197
TRUE TRUE 1 0.05 3 2 FALSE 133 107 107 107 104 99 99 "A/TNNNNNNA/CA/GN" 41.4989905700263 "CNTNNNNNNN" 38.8588340201197
TRUE TRUE 1 0.05 3 5 FALSE 133 107 107 107 104 104 104 "NT/CNNNNNA/CNN" 52.2246191619273 "CNTNNNNNNN" 42.7577982693306
TRUE TRUE 1 0.05 3 7 FALSE 133 107 107 107 104 104 104 "NT/CNNNNNA/CNN" 52.2246191619273 "CNTNNNNNNN" 42.7577982693306
TRUE TRUE 1 0.05 5 1 FALSE 133 107 107 107 106 99 99 "A/TNNNNNNA/CA/GN" 41.4989905700263 "CNTNNNNNNN" 38.8588340201197
TRUE TRUE 1 0.05 5 2 FALSE 133 107 107 107 106 99 99 "A/TNNNNNNA/CA/GN" 41.4989905700263 "CNTNNNNNNN" 38.8588340201197
TRUE TRUE 1 0.05 5 5 FALSE 133 107 107 107 106 105 105 "NT/CNNNNNA/CNN" 52.183677988996 "CNTNNNNNNN" 42.5404019580725
TRUE TRUE 1 0.05 5 7 FALSE 133 107 107 107 106 106 106 "NT/CNNNNNA/CNN" 52.183677988996 "CNTNNNNNNN" 42.5404019580725
TRUE TRUE 1 0.5 0 1 FALSE 133 107 107 107 98 98 98 "NNNNNNNA/CA/GN" 47.7569433200349 "CNTNNNNNNN" 38.0879474781193
TRUE TRUE 1 0.5 0 2 FALSE 133 107 107 107 98 98 98 "NNNNNNNA/CA/GN" 47.7569433200349 "CNTNNNNNNN" 38.0879474781193
TRUE TRUE 1 0.5 0 5 FALSE 133 107 107 107 98 98 98 "NNNNNNNA/CA/GN" 47.7569433200349 "CNTNNNNNNN" 38.0879474781193
TRUE TRUE 1 0.5 0 7 FALSE 133 107 107 107 98 98 98 "NNNNNNNA/CA/GN" 47.7569433200349 "CNTNNNNNNN" 38.0879474781193
TRUE TRUE 1 0.5 1 1 FALSE 133 107 107 107 98 98 98 "NNNNNNNA/CA/GN" 47.7569433200349 "CNTNNNNNNN" 38.0879474781193
TRUE TRUE 1 0.5 1 2 FALSE 133 107 107 107 98 98 98 "NNNNNNNA/CA/GN" 47.7569433200349 "CNTNNNNNNN" 38.0879474781193
TRUE TRUE 1 0.5 1 5 FALSE 133 107 107 107 98 98 98 "NNNNNNNA/CA/GN" 47.7569433200349 "CNTNNNNNNN" 38.0879474781193
TRUE TRUE 1 0.5 1 7 FALSE 133 107 107 107 98 98 98 "NNNNNNNA/CA/GN" 47.7569433200349 "CNTNNNNNNN" 38.0879474781193
TRUE TRUE 1 0.5 3 1 FALSE 133 107 107 107 104 99 99 "A/TNNNNNNA/CA/GN" 41.4989905700263 "CNTNNNNNNN" 38.8588340201197
TRUE TRUE 1 0.5 3 2 FALSE 133 107 107 107 104 99 99 "A/TNNNNNNA/CA/GN" 41.4989905700263 "CNTNNNNNNN" 38.8588340201197
TRUE TRUE 1 0.5 3 5 FALSE 133 107 107 107 104 104 104 "NT/CNNNNNA/CNN" 52.2246191619273 "CNTNNNNNNN" 42.7577982693306
TRUE TRUE 1 0.5 3 7 FALSE 133 107 107 107 104 104 104 "NT/CNNNNNA/CNN" 52.2246191619273 "CNTNNNNNNN" 42.7577982693306
TRUE TRUE 1 0.5 5 1 FALSE 133 107 107 107 106 99 99 "A/TNNNNNNA/CA/GN" 41.4989905700263 "CNTNNNNNNN" 38.8588340201197
TRUE TRUE 1 0.5 5 2 FALSE 133 107 107 107 106 99 99 "A/TNNNNNNA/CA/GN" 41.4989905700263 "CNTNNNNNNN" 38.8588340201197
TRUE TRUE 1 0.5 5 5 FALSE 133 107 107 107 106 105 105 "NT/CNNNNNA/CNN" 52.183677988996 "CNTNNNNNNN" 42.5404019580725
TRUE TRUE 1 0.5 5 7 FALSE 133 107 107 107 106 106 106 "NT/CNNNNNA/CNN" 52.183677988996 "CNTNNNNNNN" 42.5404019580725
TRUE TRUE 1 1 0 1 FALSE 133 107 107 107 98 98 98 "NNNNNNNA/CA/GN" 47.7569433200349 "CNTNNNNNNN" 38.0879474781193
TRUE TRUE 1 1 0 2 FALSE 133 107 107 107 98 98 98 "NNNNNNNA/CA/GN" 47.7569433200349 "CNTNNNNNNN" 38.0879474781193
TRUE TRUE 1 1 0 5 FALSE 133 107 107 107 98 98 98 "NNNNNNNA/CA/GN" 47.7569433200349 "CNTNNNNNNN" 38.0879474781193
TRUE TRUE 1 1 0 7 FALSE 133 107 107 107 98 98 98 "NNNNNNNA/CA/GN" 47.7569433200349 "CNTNNNNNNN" 38.0879474781193
TRUE TRUE 1 1 1 1 FALSE 133 107 107 107 98 98 98 "NNNNNNNA/CA/GN" 47.7569433200349 "CNTNNNNNNN" 38.0879474781193
TRUE TRUE 1 1 1 2 FALSE 133 107 107 107 98 98 98 "NNNNNNNA/CA/GN" 47.7569433200349 "CNTNNNNNNN" 38.0879474781193
TRUE TRUE 1 1 1 5 FALSE 133 107 107 107 98 98 98 "NNNNNNNA/CA/GN" 47.7569433200349 "CNTNNNNNNN" 38.0879474781193
TRUE TRUE 1 1 1 7 FALSE 133 107 107 107 98 98 98 "NNNNNNNA/CA/GN" 47.7569433200349 "CNTNNNNNNN" 38.0879474781193
TRUE TRUE 1 1 3 1 FALSE 133 107 107 107 104 99 99 "A/TNNNNNNA/CA/GN" 41.4989905700263 "CNTNNNNNNN" 38.8588340201197
TRUE TRUE 1 1 3 2 FALSE 133 107 107 107 104 99 99 "A/TNNNNNNA/CA/GN" 41.4989905700263 "CNTNNNNNNN" 38.8588340201197
TRUE TRUE 1 1 3 5 FALSE 133 107 107 107 104 104 104 "NT/CNNNNNA/CNN" 52.2246191619273 "CNTNNNNNNN" 42.7577982693306
TRUE TRUE 1 1 3 7 FALSE 133 107 107 107 104 104 104 "NT/CNNNNNA/CNN" 52.2246191619273 "CNTNNNNNNN" 42.7577982693306
TRUE TRUE 1 1 5 1 FALSE 133 107 107 107 106 99 99 "A/TNNNNNNA/CA/GN" 41.4989905700263 "CNTNNNNNNN" 38.8588340201197
TRUE TRUE 1 1 5 2 FALSE 133 107 107 107 106 99 99 "A/TNNNNNNA/CA/GN" 41.4989905700263 "CNTNNNNNNN" 38.8588340201197
TRUE TRUE 1 1 5 5 FALSE 133 107 107 107 106 105 105 "NT/CNNNNNA/CNN" 52.183677988996 "CNTNNNNNNN" 42.5404019580725
TRUE TRUE 1 1 5 7 FALSE 133 107 107 107 106 106 106 "NT/CNNNNNA/CNN" 52.183677988996 "CNTNNNNNNN" 42.5404019580725
TRUE TRUE 2 0.01 0 1 FALSE 133 107 107 86 84 84 84 "A/TNNNNNNA/CA/GN" 36.4468510781405 "CNTNNNNNNN" 34.2580918151416
TRUE TRUE 2 0.01 0 2 FALSE 133 107 107 86 84 84 84 "A/TNNNNNNA/CA/GN" 36.4468510781405 "CNTNNNNNNN" 34.2580918151416
TRUE TRUE 2 0.01 0 5 FALSE 133 107 107 86 84 84 84 "A/TNNNNNNA/CA/GN" 36.4468510781405 "CNTNNNNNNN" 34.2580918151416
TRUE TRUE 2 0.01 0 7 FALSE 133 107 107 86 84 84 84 "A/TNNNNNNA/CA/GN" 36.4468510781405 "CNTNNNNNNN" 34.2580918151416
TRUE TRUE 2 0.01 1 1 FALSE 133 107 107 86 84 84 84 "A/TNNNNNNA/CA/GN" 36.4468510781405 "CNTNNNNNNN" 34.2580918151416
TRUE TRUE 2 0.01 1 2 FALSE 133 107 107 86 84 84 84 "A/TNNNNNNA/CA/GN" 36.4468510781405 "CNTNNNNNNN" 34.2580918151416
TRUE TRUE 2 0.01 1 5 FALSE 133 107 107 86 84 84 84 "A/TNNNNNNA/CA/GN" 36.4468510781405 "CNTNNNNNNN" 34.2580918151416
TRUE TRUE 2 0.01 1 7 FALSE 133 107 107 86 84 84 84 "A/TNNNNNNA/CA/GN" 36.4468510781405 "CNTNNNNNNN" 34.2580918151416
TRUE TRUE 2 0.01 3 1 FALSE 133 107 107 86 85 85 85 "A/TNNNNNNA/CA/GN" 36.4221712590633 "CNTNNNNNNN" 35.0525311327733
TRUE TRUE 2 0.01 3 2 FALSE 133 107 107 86 85 85 85 "A/TNNNNNNA/CA/GN" 36.4221712590633 "CNTNNNNNNN" 35.0525311327733
TRUE TRUE 2 0.01 3 5 FALSE 133 107 107 86 85 85 85 "A/TNNNNNNA/CA/GN" 36.4221712590633 "CNTNNNNNNN" 35.0525311327733
TRUE TRUE 2 0.01 3 7 FALSE 133 107 107 86 85 85 85 "A/TNNNNNNA/CA/GN" 36.4221712590633 "CNTNNNNNNN" 35.0525311327733
TRUE TRUE 2 0.01 5 1 FALSE 133 107 107 86 86 85 85 "A/TNNNNNNA/CA/GN" 36.4221712590633 "CNTNNNNNNN" 35.0525311327733
TRUE TRUE 2 0.01 5 2 FALSE 133 107 107 86 86 85 85 "A/TNNNNNNA/CA/GN" 36.4221712590633 "CNTNNNNNNN" 35.0525311327733
TRUE TRUE 2 0.01 5 5 FALSE 133 107 107 86 86 85 85 "A/TNNNNNNA/CA/GN" 36.4221712590633 "CNTNNNNNNN" 35.0525311327733
TRUE TRUE 2 0.01 5 7 FALSE 133 107 107 86 86 86 86 "A/TNNNNNNA/CA/GN" 36.4221712590633 "CNTNNNNNNN" 35.0525311327733
TRUE TRUE 2 0.05 0 1 FALSE 133 107 107 107 98 98 98 "NNNNNNNA/CA/GN" 47.7569433200349 "CNTNNNNNNN" 38.0879474781193
TRUE TRUE 2 0.05 0 2 FALSE 133 107 107 107 98 98 98 "NNNNNNNA/CA/GN" 47.7569433200349 "CNTNNNNNNN" 38.0879474781193
TRUE TRUE 2 0.05 0 5 FALSE 133 107 107 107 98 98 98 "NNNNNNNA/CA/GN" 47.7569433200349 "CNTNNNNNNN" 38.0879474781193
TRUE TRUE 2 0.05 0 7 FALSE 133 107 107 107 98 98 98 "NNNNNNNA/CA/GN" 47.7569433200349 "CNTNNNNNNN" 38.0879474781193
TRUE TRUE 2 0.05 1 1 FALSE 133 107 107 107 98 98 98 "NNNNNNNA/CA/GN" 47.7569433200349 "CNTNNNNNNN" 38.0879474781193
TRUE TRUE 2 0.05 1 2 FALSE 133 107 107 107 98 98 98 "NNNNNNNA/CA/GN" 47.7569433200349 "CNTNNNNNNN" 38.0879474781193
TRUE TRUE 2 0.05 1 5 FALSE 133 107 107 107 98 98 98 "NNNNNNNA/CA/GN" 47.7569433200349 "CNTNNNNNNN" 38.0879474781193
TRUE TRUE 2 0.05 1 7 FALSE 133 107 107 107 98 98 98 "NNNNNNNA/CA/GN" 47.7569433200349 "CNTNNNNNNN" 38.0879474781193
TRUE TRUE 2 0.05 3 1 FALSE 133 107 107 107 104 99 99 "A/TNNNNNNA/CA/GN" 41.4989905700263 "CNTNNNNNNN" 38.8588340201197
TRUE TRUE 2 0.05 3 2 FALSE 133 107 107 107 104 99 99 "A/TNNNNNNA/CA/GN" 41.4989905700263 "CNTNNNNNNN" 38.8588340201197
TRUE TRUE 2 0.05 3 5 FALSE 133 107 107 107 104 104 104 "NT/CNNNNNA/CNN" 52.2246191619273 "CNTNNNNNNN" 42.7577982693306
TRUE TRUE 2 0.05 3 7 FALSE 133 107 107 107 104 104 104 "NT/CNNNNNA/CNN" 52.2246191619273 "CNTNNNNNNN" 42.7577982693306
TRUE TRUE 2 0.05 5 1 FALSE 133 107 107 107 106 99 99 "A/TNNNNNNA/CA/GN" 41.4989905700263 "CNTNNNNNNN" 38.8588340201197
TRUE TRUE 2 0.05 5 2 FALSE 133 107 107 107 106 99 99 "A/TNNNNNNA/CA/GN" 41.4989905700263 "CNTNNNNNNN" 38.8588340201197
TRUE TRUE 2 0.05 5 5 FALSE 133 107 107 107 106 105 105 "NT/CNNNNNA/CNN" 52.183677988996 "CNTNNNNNNN" 42.5404019580725
TRUE TRUE 2 0.05 5 7 FALSE 133 107 107 107 106 106 106 "NT/CNNNNNA/CNN" 52.183677988996 "CNTNNNNNNN" 42.5404019580725
TRUE TRUE 2 0.5 0 1 FALSE 133 107 107 107 98 98 98 "NNNNNNNA/CA/GN" 47.7569433200349 "CNTNNNNNNN" 38.0879474781193
TRUE TRUE 2 0.5 0 2 FALSE 133 107 107 107 98 98 98 "NNNNNNNA/CA/GN" 47.7569433200349 "CNTNNNNNNN" 38.0879474781193
TRUE TRUE 2 0.5 0 5 FALSE 133 107 107 107 98 98 98 "NNNNNNNA/CA/GN" 47.7569433200349 "CNTNNNNNNN" 38.0879474781193
TRUE TRUE 2 0.5 0 7 FALSE 133 107 107 107 98 98 98 "NNNNNNNA/CA/GN" 47.7569433200349 "CNTNNNNNNN" 38.0879474781193
TRUE TRUE 2 0.5 1 1 FALSE 133 107 107 107 98 98 98 "NNNNNNNA/CA/GN" 47.7569433200349 "CNTNNNNNNN" 38.0879474781193
TRUE TRUE 2 0.5 1 2 FALSE 133 107 107 107 98 98 98 "NNNNNNNA/CA/GN" 47.7569433200349 "CNTNNNNNNN" 38.0879474781193
TRUE TRUE 2 0.5 1 5 FALSE 133 107 107 107 98 98 98 "NNNNNNNA/CA/GN" 47.7569433200349 "CNTNNNNNNN" 38.0879474781193
TRUE TRUE 2 0.5 1 7 FALSE 133 107 107 107 98 98 98 "NNNNNNNA/CA/GN" 47.7569433200349 "CNTNNNNNNN" 38.0879474781193
TRUE TRUE 2 0.5 3 1 FALSE 133 107 107 107 104 99 99 "A/TNNNNNNA/CA/GN" 41.4989905700263 "CNTNNNNNNN" 38.8588340201197
TRUE TRUE 2 0.5 3 2 FALSE 133 107 107 107 104 99 99 "A/TNNNNNNA/CA/GN" 41.4989905700263 "CNTNNNNNNN" 38.8588340201197
TRUE TRUE 2 0.5 3 5 FALSE 133 107 107 107 104 104 104 "NT/CNNNNNA/CNN" 52.2246191619273 "CNTNNNNNNN" 42.7577982693306
TRUE TRUE 2 0.5 3 7 FALSE 133 107 107 107 104 104 104 "NT/CNNNNNA/CNN" 52.2246191619273 "CNTNNNNNNN" 42.7577982693306
TRUE TRUE 2 0.5 5 1 FALSE 133 107 107 107 106 99 99 "A/TNNNNNNA/CA/GN" 41.4989905700263 "CNTNNNNNNN" 38.8588340201197
TRUE TRUE 2 0.5 5 2 FALSE 133 107 107 107 106 99 99 "A/TNNNNNNA/CA/GN" 41.4989905700263 "CNTNNNNNNN" 38.8588340201197
TRUE TRUE 2 0.5 5 5 FALSE 133 107 107 107 106 105 105 "NT/CNNNNNA/CNN" 52.183677988996 "CNTNNNNNNN" 42.5404019580725
TRUE TRUE 2 0.5 5 7 FALSE 133 107 107 107 106 106 106 "NT/CNNNNNA/CNN" 52.183677988996 "CNTNNNNNNN" 42.5404019580725
TRUE TRUE 2 1 0 1 FALSE 133 107 107 107 98 98 98 "NNNNNNNA/CA/GN" 47.7569433200349 "CNTNNNNNNN" 38.0879474781193
TRUE TRUE 2 1 0 2 FALSE 133 107 107 107 98 98 98 "NNNNNNNA/CA/GN" 47.7569433200349 "CNTNNNNNNN" 38.0879474781193
TRUE TRUE 2 1 0 5 FALSE 133 107 107 107 98 98 98 "NNNNNNNA/CA/GN" 47.7569433200349 "CNTNNNNNNN" 38.0879474781193
TRUE TRUE 2 1 0 7 FALSE 133 107 107 107 98 98 98 "NNNNNNNA/CA/GN" 47.7569433200349 "CNTNNNNNNN" 38.0879474781193
TRUE TRUE 2 1 1 1 FALSE 133 107 107 107 98 98 98 "NNNNNNNA/CA/GN" 47.7569433200349 "CNTNNNNNNN" 38.0879474781193
TRUE TRUE 2 1 1 2 FALSE 133 107 107 107 98 98 98 "NNNNNNNA/CA/GN" 47.7569433200349 "CNTNNNNNNN" 38.0879474781193
TRUE TRUE 2 1 1 5 FALSE 133 107 107 107 98 98 98 "NNNNNNNA/CA/GN" 47.7569433200349 "CNTNNNNNNN" 38.0879474781193
TRUE TRUE 2 1 1 7 FALSE 133 107 107 107 98 98 98 "NNNNNNNA/CA/GN" 47.7569433200349 "CNTNNNNNNN" 38.0879474781193
TRUE TRUE 2 1 3 1 FALSE 133 107 107 107 104 99 99 "A/TNNNNNNA/CA/GN" 41.4989905700263 "CNTNNNNNNN" 38.8588340201197
TRUE TRUE 2 1 3 2 FALSE 133 107 107 107 104 99 99 "A/TNNNNNNA/CA/GN" 41.4989905700263 "CNTNNNNNNN" 38.8588340201197
TRUE TRUE 2 1 3 5 FALSE 133 107 107 107 104 104 104 "NT/CNNNNNA/CNN" 52.2246191619273 "CNTNNNNNNN" 42.7577982693306
TRUE TRUE 2 1 3 7 FALSE 133 107 107 107 104 104 104 "NT/CNNNNNA/CNN" 52.2246191619273 "CNTNNNNNNN" 42.7577982693306
TRUE TRUE 2 1 5 1 FALSE 133 107 107 107 106 99 99 "A/TNNNNNNA/CA/GN" 41.4989905700263 "CNTNNNNNNN" 38.8588340201197
TRUE TRUE 2 1 5 2 FALSE 133 107 107 107 106 99 99 "A/TNNNNNNA/CA/GN" 41.4989905700263 "CNTNNNNNNN" 38.8588340201197
TRUE TRUE 2 1 5 5 FALSE 133 107 107 107 106 105 105 "NT/CNNNNNA/CNN" 52.183677988996 "CNTNNNNNNN" 42.5404019580725
TRUE TRUE 2 1 5 7 FALSE 133 107 107 107 106 106 106 "NT/CNNNNNA/CNN" 52.183677988996 "CNTNNNNNNN" 42.5404019580725
TRUE TRUE 3 0.01 0 1 FALSE 133 107 107 86 84 84 84 "A/TNNNNNNA/CA/GN" 36.4468510781405 "CNTNNNNNNN" 34.2580918151416
TRUE TRUE 3 0.01 0 2 FALSE 133 107 107 86 84 84 84 "A/TNNNNNNA/CA/GN" 36.4468510781405 "CNTNNNNNNN" 34.2580918151416
TRUE TRUE 3 0.01 0 5 FALSE 133 107 107 86 84 84 84 "A/TNNNNNNA/CA/GN" 36.4468510781405 "CNTNNNNNNN" 34.2580918151416
TRUE TRUE 3 0.01 0 7 FALSE 133 107 107 86 84 84 84 "A/TNNNNNNA/CA/GN" 36.4468510781405 "CNTNNNNNNN" 34.2580918151416
TRUE TRUE 3 0.01 1 1 FALSE 133 107 107 86 84 84 84 "A/TNNNNNNA/CA/GN" 36.4468510781405 "CNTNNNNNNN" 34.2580918151416
TRUE TRUE 3 0.01 1 2 FALSE 133 107 107 86 84 84 84 "A/TNNNNNNA/CA/GN" 36.4468510781405 "CNTNNNNNNN" 34.2580918151416
TRUE TRUE 3 0.01 1 5 FALSE 133 107 107 86 84 84 84 "A/TNNNNNNA/CA/GN" 36.4468510781405 "CNTNNNNNNN" 34.2580918151416
TRUE TRUE 3 0.01 1 7 FALSE 133 107 107 86 84 84 84 "A/TNNNNNNA/CA/GN" 36.4468510781405 "CNTNNNNNNN" 34.2580918151416
TRUE TRUE 3 0.01 3 1 FALSE 133 107 107 86 85 85 85 "A/TNNNNNNA/CA/GN" 36.4221712590633 "CNTNNNNNNN" 35.0525311327733
TRUE TRUE 3 0.01 3 2 FALSE 133 107 107 86 85 85 85 "A/TNNNNNNA/CA/GN" 36.4221712590633 "CNTNNNNNNN" 35.0525311327733
TRUE TRUE 3 0.01 3 5 FALSE 133 107 107 86 85 85 85 "A/TNNNNNNA/CA/GN" 36.4221712590633 "CNTNNNNNNN" 35.0525311327733
TRUE TRUE 3 0.01 3 7 FALSE 133 107 107 86 85 85 85 "A/TNNNNNNA/CA/GN" 36.4221712590633 "CNTNNNNNNN" 35.0525311327733
TRUE TRUE 3 0.01 5 1 FALSE 133 107 107 86 86 85 85 "A/TNNNNNNA/CA/GN" 36.4221712590633 "CNTNNNNNNN" 35.0525311327733
TRUE TRUE 3 0.01 5 2 FALSE 133 107 107 86 86 85 85 "A/TNNNNNNA/CA/GN" 36.4221712590633 "CNTNNNNNNN" 35.0525311327733
TRUE TRUE 3 0.01 5 5 FALSE 133 107 107 86 86 85 85 "A/TNNNNNNA/CA/GN" 36.4221712590633 "CNTNNNNNNN" 35.0525311327733
TRUE TRUE 3 0.01 5 7 FALSE 133 107 107 86 86 86 86 "A/TNNNNNNA/CA/GN" 36.4221712590633 "CNTNNNNNNN" 35.0525311327733
TRUE TRUE 3 0.05 0 1 FALSE 133 107 107 107 98 98 98 "NNNNNNNA/CA/GN" 47.7569433200349 "CNTNNNNNNN" 38.0879474781193
TRUE TRUE 3 0.05 0 2 FALSE 133 107 107 107 98 98 98 "NNNNNNNA/CA/GN" 47.7569433200349 "CNTNNNNNNN" 38.0879474781193
TRUE TRUE 3 0.05 0 5 FALSE 133 107 107 107 98 98 98 "NNNNNNNA/CA/GN" 47.7569433200349 "CNTNNNNNNN" 38.0879474781193
TRUE TRUE 3 0.05 0 7 FALSE 133 107 107 107 98 98 98 "NNNNNNNA/CA/GN" 47.7569433200349 "CNTNNNNNNN" 38.0879474781193
TRUE TRUE 3 0.05 1 1 FALSE 133 107 107 107 98 98 98 "NNNNNNNA/CA/GN" 47.7569433200349 "CNTNNNNNNN" 38.0879474781193
TRUE TRUE 3 0.05 1 2 FALSE 133 107 107 107 98 98 98 "NNNNNNNA/CA/GN" 47.7569433200349 "CNTNNNNNNN" 38.0879474781193
TRUE TRUE 3 0.05 1 5 FALSE 133 107 107 107 98 98 98 "NNNNNNNA/CA/GN" 47.7569433200349 "CNTNNNNNNN" 38.0879474781193
TRUE TRUE 3 0.05 1 7 FALSE 133 107 107 107 98 98 98 "NNNNNNNA/CA/GN" 47.7569433200349 "CNTNNNNNNN" 38.0879474781193
TRUE TRUE 3 0.05 3 1 FALSE 133 107 107 107 104 99 99 "A/TNNNNNNA/CA/GN" 41.4989905700263 "CNTNNNNNNN" 38.8588340201197
TRUE TRUE 3 0.05 3 2 FALSE 133 107 107 107 104 99 99 "A/TNNNNNNA/CA/GN" 41.4989905700263 "CNTNNNNNNN" 38.8588340201197
TRUE TRUE 3 0.05 3 5 FALSE 133 107 107 107 104 104 104 "NT/CNNNNNA/CNN" 52.2246191619273 "CNTNNNNNNN" 42.7577982693306
TRUE TRUE 3 0.05 3 7 FALSE 133 107 107 107 104 104 104 "NT/CNNNNNA/CNN" 52.2246191619273 "CNTNNNNNNN" 42.7577982693306
TRUE TRUE 3 0.05 5 1 FALSE 133 107 107 107 106 99 99 "A/TNNNNNNA/CA/GN" 41.4989905700263 "CNTNNNNNNN" 38.8588340201197
TRUE TRUE 3 0.05 5 2 FALSE 133 107 107 107 106 99 99 "A/TNNNNNNA/CA/GN" 41.4989905700263 "CNTNNNNNNN" 38.8588340201197
TRUE TRUE 3 0.05 5 5 FALSE 133 107 107 107 106 105 105 "NT/CNNNNNA/CNN" 52.183677988996 "CNTNNNNNNN" 42.5404019580725
TRUE TRUE 3 0.05 5 7 FALSE 133 107 107 107 106 106 106 "NT/CNNNNNA/CNN" 52.183677988996 "CNTNNNNNNN" 42.5404019580725
TRUE TRUE 3 0.5 0 1 FALSE 133 107 107 107 98 98 98 "NNNNNNNA/CA/GN" 47.7569433200349 "CNTNNNNNNN" 38.0879474781193
TRUE TRUE 3 0.5 0 2 FALSE 133 107 107 107 98 98 98 "NNNNNNNA/CA/GN" 47.7569433200349 "CNTNNNNNNN" 38.0879474781193
TRUE TRUE 3 0.5 0 5 FALSE 133 107 107 107 98 98 98 "NNNNNNNA/CA/GN" 47.7569433200349 "CNTNNNNNNN" 38.0879474781193
TRUE TRUE 3 0.5 0 7 FALSE 133 107 107 107 98 98 98 "NNNNNNNA/CA/GN" 47.7569433200349 "CNTNNNNNNN" 38.0879474781193
TRUE TRUE 3 0.5 1 1 FALSE 133 107 107 107 98 98 98 "NNNNNNNA/CA/GN" 47.7569433200349 "CNTNNNNNNN" 38.0879474781193
TRUE TRUE 3 0.5 1 2 FALSE 133 107 107 107 98 98 98 "NNNNNNNA/CA/GN" 47.7569433200349 "CNTNNNNNNN" 38.0879474781193
TRUE TRUE 3 0.5 1 5 FALSE 133 107 107 107 98 98 98 "NNNNNNNA/CA/GN" 47.7569433200349 "CNTNNNNNNN" 38.0879474781193
TRUE TRUE 3 0.5 1 7 FALSE 133 107 107 107 98 98 98 "NNNNNNNA/CA/GN" 47.7569433200349 "CNTNNNNNNN" 38.0879474781193
TRUE TRUE 3 0.5 3 1 FALSE 133 107 107 107 104 99 99 "A/TNNNNNNA/CA/GN" 41.4989905700263 "CNTNNNNNNN" 38.8588340201197
TRUE TRUE 3 0.5 3 2 FALSE 133 107 107 107 104 99 99 "A/TNNNNNNA/CA/GN" 41.4989905700263 "CNTNNNNNNN" 38.8588340201197
TRUE TRUE 3 0.5 3 5 FALSE 133 107 107 107 104 104 104 "NT/CNNNNNA/CNN" 52.2246191619273 "CNTNNNNNNN" 42.7577982693306
TRUE TRUE 3 0.5 3 7 FALSE 133 107 107 107 104 104 104 "NT/CNNNNNA/CNN" 52.2246191619273 "CNTNNNNNNN" 42.7577982693306
TRUE TRUE 3 0.5 5 1 FALSE 133 107 107 107 106 99 99 "A/TNNNNNNA/CA/GN" 41.4989905700263 "CNTNNNNNNN" 38.8588340201197
TRUE TRUE 3 0.5 5 2 FALSE 133 107 107 107 106 99 99 "A/TNNNNNNA/CA/GN" 41.4989905700263 "CNTNNNNNNN" 38.8588340201197
TRUE TRUE 3 0.5 5 5 FALSE 133 107 107 107 106 105 105 "NT/CNNNNNA/CNN" 52.183677988996 "CNTNNNNNNN" 42.5404019580725
TRUE TRUE 3 0.5 5 7 FALSE 133 107 107 107 106 106 106 "NT/CNNNNNA/CNN" 52.183677988996 "CNTNNNNNNN" 42.5404019580725
TRUE TRUE 3 1 0 1 FALSE 133 107 107 107 98 98 98 "NNNNNNNA/CA/GN" 47.7569433200349 "CNTNNNNNNN" 38.0879474781193
TRUE TRUE 3 1 0 2 FALSE 133 107 107 107 98 98 98 "NNNNNNNA/CA/GN" 47.7569433200349 "CNTNNNNNNN" 38.0879474781193
TRUE TRUE 3 1 0 5 FALSE 133 107 107 107 98 98 98 "NNNNNNNA/CA/GN" 47.7569433200349 "CNTNNNNNNN" 38.0879474781193
TRUE TRUE 3 1 0 7 FALSE 133 107 107 107 98 98 98 "NNNNNNNA/CA/GN" 47.7569433200349 "CNTNNNNNNN" 38.0879474781193
TRUE TRUE 3 1 1 1 FALSE 133 107 107 107 98 98 98 "NNNNNNNA/CA/GN" 47.7569433200349 "CNTNNNNNNN" 38.0879474781193
TRUE TRUE 3 1 1 2 FALSE 133 107 107 107 98 98 98 "NNNNNNNA/CA/GN" 47.7569433200349 "CNTNNNNNNN" 38.0879474781193
TRUE TRUE 3 1 1 5 FALSE 133 107 107 107 98 98 98 "NNNNNNNA/CA/GN" 47.7569433200349 "CNTNNNNNNN" 38.0879474781193
TRUE TRUE 3 1 1 7 FALSE 133 107 107 107 98 98 98 "NNNNNNNA/CA/GN" 47.7569433200349 "CNTNNNNNNN" 38.0879474781193
TRUE TRUE 3 1 3 1 FALSE 133 107 107 107 104 99 99 "A/TNNNNNNA/CA/GN" 41.4989905700263 "CNTNNNNNNN" 38.8588340201197
TRUE TRUE 3 1 3 2 FALSE 133 107 107 107 104 99 99 "A/TNNNNNNA/CA/GN" 41.4989905700263 "CNTNNNNNNN" 38.8588340201197
TRUE TRUE 3 1 3 5 FALSE 133 107 107 107 104 104 104 "NT/CNNNNNA/CNN" 52.2246191619273 "CNTNNNNNNN" 42.7577982693306
TRUE TRUE 3 1 3 7 FALSE 133 107 107 107 104 104 104 "NT/CNNNNNA/CNN" 52.2246191619273 "CNTNNNNNNN" 42.7577982693306
TRUE TRUE 3 1 5 1 FALSE 133 107 107 107 106 99 99 "A/TNNNNNNA/CA/GN" 41.4989905700263 "CNTNNNNNNN" 38.8588340201197
TRUE TRUE 3 1 5 2 FALSE 133 107 107 107 106 99 99 "A/TNNNNNNA/CA/GN" 41.4989905700263 "CNTNNNNNNN" 38.8588340201197
TRUE TRUE 3 1 5 5 FALSE 133 107 107 107 106 105 105 "NT/CNNNNNA/CNN" 52.183677988996 "CNTNNNNNNN" 42.5404019580725
TRUE TRUE 3 1 5 7 FALSE 133 107 107 107 106 106 106 "NT/CNNNNNA/CNN" 52.183677988996 "CNTNNNNNNN" 42.5404019580725
