"uniqueAligns" "excludeSelf" "numGaps" "e.value" "nucleotidesShorterThanProtospacer" "queryStart" "prophageOnly" "Filter0" "Filter1" "Filter2" "Filter3" "Filter4" "Filter5" "Filter6" "upPAM" "upScore" "downPAM" "downScore"
TRUE TRUE 0 0.01 0 1 FALSE 191489 121870 121696 110670 100577 100577 100577 "NNNNNNNAAG" 73282.1406429902 "C/GNNC/GNNC/GNNG" 12600.6385928379
TRUE TRUE 0 0.01 0 2 FALSE 191489 121870 121696 110670 100577 100577 100577 "NNNNNNNAAG" 73282.1406429902 "C/GNNC/GNNC/GNNG" 12600.6385928379
TRUE TRUE 0 0.01 0 5 FALSE 191489 121870 121696 110670 100577 100577 100577 "NNNNNNNAAG" 73282.1406429902 "C/GNNC/GNNC/GNNG" 12600.6385928379
TRUE TRUE 0 0.01 0 7 FALSE 191489 121870 121696 110670 100577 100577 100577 "NNNNNNNAAG" 73282.1406429902 "C/GNNC/GNNC/GNNG" 12600.6385928379
TRUE TRUE 0 0.01 1 1 FALSE 191489 121870 121696 110670 106876 103828 103828 "NNNNNNNAAG" 74716.1616660193 "C/GNNC/GNNC/GNNG" 12799.1877646426
TRUE TRUE 0 0.01 1 2 FALSE 191489 121870 121696 110670 106876 106876 106876 "NNNNNNNAAG" 76085.0184083648 "C/GNNC/GNNC/GNNC/G" 17575.494839808
TRUE TRUE 0 0.01 1 5 FALSE 191489 121870 121696 110670 106876 106876 106876 "NNNNNNNAAG" 76085.0184083648 "C/GNNC/GNNC/GNNC/G" 17575.494839808
TRUE TRUE 0 0.01 1 7 FALSE 191489 121870 121696 110670 106876 106876 106876 "NNNNNNNAAG" 76085.0184083648 "C/GNNC/GNNC/GNNC/G" 17575.494839808
TRUE TRUE 0 0.01 3 1 FALSE 191489 121870 121696 110670 110085 105395 105395 "NNNNNNNAAG" 75439.6914527946 "C/GNNC/GNNC/GNNG" 12615.2473233493
TRUE TRUE 0 0.01 3 2 FALSE 191489 121870 121696 110670 110085 108464 108464 "NNNNNNNAAG" 76824.8894850531 "C/GNNC/GNNC/GNNC/G" 17375.8918017303
TRUE TRUE 0 0.01 3 5 FALSE 191489 121870 121696 110670 110085 110085 110085 "NNNNNNNAAG" 77595.4410879149 "C/GNNC/GNNC/GNNC/G" 17211.317875731
TRUE TRUE 0 0.01 3 7 FALSE 191489 121870 121696 110670 110085 110085 110085 "NNNNNNNAAG" 77595.4410879149 "C/GNNC/GNNC/GNNC/G" 17211.317875731
TRUE TRUE 0 0.01 5 1 FALSE 191489 121870 121696 110670 110383 105477 105477 "NNNNNNNAAG" 75453.6571009628 "C/GNNC/GNNC/GNNG" 12593.698929432
TRUE TRUE 0 0.01 5 2 FALSE 191489 121870 121696 110670 110383 108616 108616 "NNNNNNNAAG" 76838.8396037003 "C/GNNC/GNNC/GNNC/G" 17346.2015676623
TRUE TRUE 0 0.01 5 5 FALSE 191489 121870 121696 110670 110383 110338 110338 "NNNNNNNAAG" 77605.1874610009 "C/GNNC/GNNC/GNNC/G" 17171.9870003331
TRUE TRUE 0 0.01 5 7 FALSE 191489 121870 121696 110670 110383 110383 110383 "NNNNNNNAAG" 77607.3466525538 "C/GNNC/GNNC/GNNC/G" 17167.0342794529
TRUE TRUE 0 0.05 0 1 FALSE 191489 121870 121696 121696 103948 103948 103948 "NNNNNNNAAG" 74087.2541278665 "C/GNNC/GNNC/GNNG" 12726.522269902
TRUE TRUE 0 0.05 0 2 FALSE 191489 121870 121696 121696 103948 103948 103948 "NNNNNNNAAG" 74087.2541278665 "C/GNNC/GNNC/GNNG" 12726.522269902
TRUE TRUE 0 0.05 0 5 FALSE 191489 121870 121696 121696 103948 103948 103948 "NNNNNNNAAG" 74087.2541278665 "C/GNNC/GNNC/GNNG" 12726.522269902
TRUE TRUE 0 0.05 0 7 FALSE 191489 121870 121696 121696 103948 103948 103948 "NNNNNNNAAG" 74087.2541278665 "C/GNNC/GNNC/GNNG" 12726.522269902
TRUE TRUE 0 0.05 1 1 FALSE 191489 121870 121696 121696 110320 107255 107255 "NNNNNNNAAG" 75547.8756506048 "C/GNNC/GNNC/GNNC/G" 17435.6062186158
TRUE TRUE 0 0.05 1 2 FALSE 191489 121870 121696 121696 110320 110320 110320 "NNNNNNNAAG" 76936.8449840726 "C/GNNC/GNNC/GNNC/G" 17801.7133058801
TRUE TRUE 0 0.05 1 5 FALSE 191489 121870 121696 121696 110320 110320 110320 "NNNNNNNAAG" 76936.8449840726 "C/GNNC/GNNC/GNNC/G" 17801.7133058801
TRUE TRUE 0 0.05 1 7 FALSE 191489 121870 121696 121696 110320 110320 110320 "NNNNNNNAAG" 76936.8449840726 "C/GNNC/GNNC/GNNC/G" 17801.7133058801
TRUE TRUE 0 0.05 3 1 FALSE 191489 121870 121696 121696 117855 109767 109767 "NNNNNNNAAG" 76324.5132715244 "C/GNNC/GNNC/GNNC/G" 17273.7500646994
TRUE TRUE 0 0.05 3 2 FALSE 191489 121870 121696 121696 117855 114334 114334 "NNNNNNNAAG" 75596.3571063809 "C/GNNC/GNNC/GNNC/G" 17932.4170805496
TRUE TRUE 0 0.05 3 5 FALSE 191489 121870 121696 121696 117855 117855 117855 "NNNNNNNAAG" 75114.0684299947 "C/GNNC/GNNC/GNNC/G" 18120.0514578163
TRUE TRUE 0 0.05 3 7 FALSE 191489 121870 121696 121696 117855 117855 117855 "NNNNNNNAAG" 75114.0684299947 "C/GNNC/GNNC/GNNC/G" 18120.0514578163
TRUE TRUE 0 0.05 5 1 FALSE 191489 121870 121696 121696 120838 110145 110145 "NNNNNNNAAG" 76359.2514712446 "C/GNNC/GNNC/GNNC/G" 17273.2735708274
TRUE TRUE 0 0.05 5 2 FALSE 191489 121870 121696 121696 120838 114890 114890 "NNNNNNNAAG" 75544.7711136052 "C/GNNC/GNNC/GNNC/G" 17955.4735841822
TRUE TRUE 0 0.05 5 5 FALSE 191489 121870 121696 121696 120838 120680 120680 "NNNNNNNAAG" 74981.4044832247 "C/GNNC/GNNC/GNNC/G" 18642.1749619701
TRUE TRUE 0 0.05 5 7 FALSE 191489 121870 121696 121696 120838 120838 120838 "NNNNNNNAAG" 74963.2417466804 "C/GNNC/GNNC/GNNC/G" 18663.0915863604
TRUE TRUE 0 0.5 0 1 FALSE 191489 121870 121696 121696 103948 103948 103948 "NNNNNNNAAG" 74087.2541278665 "C/GNNC/GNNC/GNNG" 12726.522269902
TRUE TRUE 0 0.5 0 2 FALSE 191489 121870 121696 121696 103948 103948 103948 "NNNNNNNAAG" 74087.2541278665 "C/GNNC/GNNC/GNNG" 12726.522269902
TRUE TRUE 0 0.5 0 5 FALSE 191489 121870 121696 121696 103948 103948 103948 "NNNNNNNAAG" 74087.2541278665 "C/GNNC/GNNC/GNNG" 12726.522269902
TRUE TRUE 0 0.5 0 7 FALSE 191489 121870 121696 121696 103948 103948 103948 "NNNNNNNAAG" 74087.2541278665 "C/GNNC/GNNC/GNNG" 12726.522269902
TRUE TRUE 0 0.5 1 1 FALSE 191489 121870 121696 121696 110320 107255 107255 "NNNNNNNAAG" 75547.8756506048 "C/GNNC/GNNC/GNNC/G" 17435.6062186158
TRUE TRUE 0 0.5 1 2 FALSE 191489 121870 121696 121696 110320 110320 110320 "NNNNNNNAAG" 76936.8449840726 "C/GNNC/GNNC/GNNC/G" 17801.7133058801
TRUE TRUE 0 0.5 1 5 FALSE 191489 121870 121696 121696 110320 110320 110320 "NNNNNNNAAG" 76936.8449840726 "C/GNNC/GNNC/GNNC/G" 17801.7133058801
TRUE TRUE 0 0.5 1 7 FALSE 191489 121870 121696 121696 110320 110320 110320 "NNNNNNNAAG" 76936.8449840726 "C/GNNC/GNNC/GNNC/G" 17801.7133058801
TRUE TRUE 0 0.5 3 1 FALSE 191489 121870 121696 121696 117855 109767 109767 "NNNNNNNAAG" 76324.5132715244 "C/GNNC/GNNC/GNNC/G" 17273.7500646994
TRUE TRUE 0 0.5 3 2 FALSE 191489 121870 121696 121696 117855 114334 114334 "NNNNNNNAAG" 75596.3571063809 "C/GNNC/GNNC/GNNC/G" 17932.4170805496
TRUE TRUE 0 0.5 3 5 FALSE 191489 121870 121696 121696 117855 117855 117855 "NNNNNNNAAG" 75114.0684299947 "C/GNNC/GNNC/GNNC/G" 18120.0514578163
TRUE TRUE 0 0.5 3 7 FALSE 191489 121870 121696 121696 117855 117855 117855 "NNNNNNNAAG" 75114.0684299947 "C/GNNC/GNNC/GNNC/G" 18120.0514578163
TRUE TRUE 0 0.5 5 1 FALSE 191489 121870 121696 121696 120838 110145 110145 "NNNNNNNAAG" 76359.2514712446 "C/GNNC/GNNC/GNNC/G" 17273.2735708274
TRUE TRUE 0 0.5 5 2 FALSE 191489 121870 121696 121696 120838 114890 114890 "NNNNNNNAAG" 75544.7711136052 "C/GNNC/GNNC/GNNC/G" 17955.4735841822
TRUE TRUE 0 0.5 5 5 FALSE 191489 121870 121696 121696 120838 120680 120680 "NNNNNNNAAG" 74981.4044832247 "C/GNNC/GNNC/GNNC/G" 18642.1749619701
TRUE TRUE 0 0.5 5 7 FALSE 191489 121870 121696 121696 120838 120838 120838 "NNNNNNNAAG" 74963.2417466804 "C/GNNC/GNNC/GNNC/G" 18663.0915863604
TRUE TRUE 0 1 0 1 FALSE 191489 121870 121696 121696 103948 103948 103948 "NNNNNNNAAG" 74087.2541278665 "C/GNNC/GNNC/GNNG" 12726.522269902
TRUE TRUE 0 1 0 2 FALSE 191489 121870 121696 121696 103948 103948 103948 "NNNNNNNAAG" 74087.2541278665 "C/GNNC/GNNC/GNNG" 12726.522269902
TRUE TRUE 0 1 0 5 FALSE 191489 121870 121696 121696 103948 103948 103948 "NNNNNNNAAG" 74087.2541278665 "C/GNNC/GNNC/GNNG" 12726.522269902
TRUE TRUE 0 1 0 7 FALSE 191489 121870 121696 121696 103948 103948 103948 "NNNNNNNAAG" 74087.2541278665 "C/GNNC/GNNC/GNNG" 12726.522269902
TRUE TRUE 0 1 1 1 FALSE 191489 121870 121696 121696 110320 107255 107255 "NNNNNNNAAG" 75547.8756506048 "C/GNNC/GNNC/GNNC/G" 17435.6062186158
TRUE TRUE 0 1 1 2 FALSE 191489 121870 121696 121696 110320 110320 110320 "NNNNNNNAAG" 76936.8449840726 "C/GNNC/GNNC/GNNC/G" 17801.7133058801
TRUE TRUE 0 1 1 5 FALSE 191489 121870 121696 121696 110320 110320 110320 "NNNNNNNAAG" 76936.8449840726 "C/GNNC/GNNC/GNNC/G" 17801.7133058801
TRUE TRUE 0 1 1 7 FALSE 191489 121870 121696 121696 110320 110320 110320 "NNNNNNNAAG" 76936.8449840726 "C/GNNC/GNNC/GNNC/G" 17801.7133058801
TRUE TRUE 0 1 3 1 FALSE 191489 121870 121696 121696 117855 109767 109767 "NNNNNNNAAG" 76324.5132715244 "C/GNNC/GNNC/GNNC/G" 17273.7500646994
TRUE TRUE 0 1 3 2 FALSE 191489 121870 121696 121696 117855 114334 114334 "NNNNNNNAAG" 75596.3571063809 "C/GNNC/GNNC/GNNC/G" 17932.4170805496
TRUE TRUE 0 1 3 5 FALSE 191489 121870 121696 121696 117855 117855 117855 "NNNNNNNAAG" 75114.0684299947 "C/GNNC/GNNC/GNNC/G" 18120.0514578163
TRUE TRUE 0 1 3 7 FALSE 191489 121870 121696 121696 117855 117855 117855 "NNNNNNNAAG" 75114.0684299947 "C/GNNC/GNNC/GNNC/G" 18120.0514578163
TRUE TRUE 0 1 5 1 FALSE 191489 121870 121696 121696 120838 110145 110145 "NNNNNNNAAG" 76359.2514712446 "C/GNNC/GNNC/GNNC/G" 17273.2735708274
TRUE TRUE 0 1 5 2 FALSE 191489 121870 121696 121696 120838 114890 114890 "NNNNNNNAAG" 75544.7711136052 "C/GNNC/GNNC/GNNC/G" 17955.4735841822
TRUE TRUE 0 1 5 5 FALSE 191489 121870 121696 121696 120838 120680 120680 "NNNNNNNAAG" 74981.4044832247 "C/GNNC/GNNC/GNNC/G" 18642.1749619701
TRUE TRUE 0 1 5 7 FALSE 191489 121870 121696 121696 120838 120838 120838 "NNNNNNNAAG" 74963.2417466804 "C/GNNC/GNNC/GNNC/G" 18663.0915863604
TRUE TRUE 1 0.01 0 1 FALSE 191489 121870 121870 110774 100681 100681 100681 "NNNNNNNAAG" 73260.0955221778 "C/GNNC/GNNC/GNNG" 12595.0026512126
TRUE TRUE 1 0.01 0 2 FALSE 191489 121870 121870 110774 100681 100681 100681 "NNNNNNNAAG" 73260.0955221778 "C/GNNC/GNNC/GNNG" 12595.0026512126
TRUE TRUE 1 0.01 0 5 FALSE 191489 121870 121870 110774 100681 100681 100681 "NNNNNNNAAG" 73260.0955221778 "C/GNNC/GNNC/GNNG" 12595.0026512126
TRUE TRUE 1 0.01 0 7 FALSE 191489 121870 121870 110774 100681 100681 100681 "NNNNNNNAAG" 73260.0955221778 "C/GNNC/GNNC/GNNG" 12595.0026512126
TRUE TRUE 1 0.01 1 1 FALSE 191489 121870 121870 110774 106980 103932 103932 "NNNNNNNAAG" 74695.7600790471 "C/GNNC/GNNC/GNNG" 12794.0826646276
TRUE TRUE 1 0.01 1 2 FALSE 191489 121870 121870 110774 106980 106980 106980 "NNNNNNNAAG" 76066.238722715 "C/GNNC/GNNC/GNNC/G" 17572.734463919
TRUE TRUE 1 0.01 1 5 FALSE 191489 121870 121870 110774 106980 106980 106980 "NNNNNNNAAG" 76066.238722715 "C/GNNC/GNNC/GNNC/G" 17572.734463919
TRUE TRUE 1 0.01 1 7 FALSE 191489 121870 121870 110774 106980 106980 106980 "NNNNNNNAAG" 76066.238722715 "C/GNNC/GNNC/GNNC/G" 17572.734463919
TRUE TRUE 1 0.01 3 1 FALSE 191489 121870 121870 110774 110189 105499 105499 "NNNNNNNAAG" 75420.1355988715 "C/GNNC/GNNC/GNNG" 12611.166496586
TRUE TRUE 1 0.01 3 2 FALSE 191489 121870 121870 110774 110189 108568 108568 "NNNNNNNAAG" 76806.8738838362 "C/GNNC/GNNC/GNNC/G" 17374.3806429337
TRUE TRUE 1 0.01 3 5 FALSE 191489 121870 121870 110774 110189 110189 110189 "NNNNNNNAAG" 77578.3034301681 "C/GNNC/GNNC/GNNC/G" 17210.8621485763
TRUE TRUE 1 0.01 3 7 FALSE 191489 121870 121870 110774 110189 110189 110189 "NNNNNNNAAG" 77578.3034301681 "C/GNNC/GNNC/GNNC/G" 17210.8621485763
TRUE TRUE 1 0.01 5 1 FALSE 191489 121870 121870 110774 110487 105581 105581 "NNNNNNNAAG" 75434.1042916223 "C/GNNC/GNNC/GNNG" 12589.6760370227
TRUE TRUE 1 0.01 5 2 FALSE 191489 121870 121870 110774 110487 108720 108720 "NNNNNNNAAG" 76820.8273172329 "C/GNNC/GNNC/GNNC/G" 17344.754251768
TRUE TRUE 1 0.01 5 5 FALSE 191489 121870 121870 110774 110487 110442 110442 "NNNNNNNAAG" 77588.0687371446 "C/GNNC/GNNC/GNNC/G" 17171.6063856446
TRUE TRUE 1 0.01 5 7 FALSE 191489 121870 121870 110774 110487 110487 110487 "NNNNNNNAAG" 77590.23092478 "C/GNNC/GNNC/GNNC/G" 17166.6753549526
TRUE TRUE 1 0.05 0 1 FALSE 191489 121870 121870 121870 104071 104063 104063 "NNNNNNNAAG" 74065.0106765721 "C/GNNC/GNNC/GNNG" 12722.5826723032
TRUE TRUE 1 0.05 0 2 FALSE 191489 121870 121870 121870 104071 104071 104071 "NNNNNNNAAG" 74061.0485190311 "C/GNNC/GNNC/GNNG" 12723.4840345552
TRUE TRUE 1 0.05 0 5 FALSE 191489 121870 121870 121870 104071 104071 104071 "NNNNNNNAAG" 74061.0485190311 "C/GNNC/GNNC/GNNG" 12723.4840345552
TRUE TRUE 1 0.05 0 7 FALSE 191489 121870 121870 121870 104071 104071 104071 "NNNNNNNAAG" 74061.0485190311 "C/GNNC/GNNC/GNNG" 12723.4840345552
TRUE TRUE 1 0.05 1 1 FALSE 191489 121870 121870 121870 110482 107380 107380 "NNNNNNNAAG" 75522.0048589871 "C/GNNC/GNNC/GNNC/G" 17436.0513739759
TRUE TRUE 1 0.05 1 2 FALSE 191489 121870 121870 121870 110482 110481 110481 "NNNNNNNAAG" 76899.0378148092 "C/GNNC/GNNC/GNNC/G" 17808.3613846727
TRUE TRUE 1 0.05 1 5 FALSE 191489 121870 121870 121870 110482 110482 110482 "NNNNNNNAAG" 76898.560426151 "C/GNNC/GNNC/GNNC/G" 17808.6122082193
TRUE TRUE 1 0.05 1 7 FALSE 191489 121870 121870 121870 110482 110482 110482 "NNNNNNNAAG" 76898.560426151 "C/GNNC/GNNC/GNNC/G" 17808.6122082193
TRUE TRUE 1 0.05 3 1 FALSE 191489 121870 121870 121870 118029 109899 109899 "NNNNNNNAAG" 76298.6119441159 "C/GNNC/GNNC/GNNC/G" 17276.3650978898
TRUE TRUE 1 0.05 3 2 FALSE 191489 121870 121870 121870 118029 114502 114502 "NNNNNNNAAG" 75566.0083829727 "C/GNNC/GNNC/GNNC/G" 17941.0636008292
TRUE TRUE 1 0.05 3 5 FALSE 191489 121870 121870 121870 118029 118029 118029 "NNNNNNNAAG" 75086.8990522184 "C/GNNC/GNNC/GNNC/G" 18130.7563707186
TRUE TRUE 1 0.05 3 7 FALSE 191489 121870 121870 121870 118029 118029 118029 "NNNNNNNAAG" 75086.8990522184 "C/GNNC/GNNC/GNNC/G" 18130.7563707186
TRUE TRUE 1 0.05 5 1 FALSE 191489 121870 121870 121870 121012 110277 110277 "NNNNNNNAAG" 76333.5157950783 "C/GNNC/GNNC/GNNC/G" 17276.0489621685
TRUE TRUE 1 0.05 5 2 FALSE 191489 121870 121870 121870 121012 115058 115058 "NNNNNNNAAG" 75514.788354413 "C/GNNC/GNNC/GNNC/G" 17964.2858149745
TRUE TRUE 1 0.05 5 5 FALSE 191489 121870 121870 121870 121012 120854 120854 "NNNNNNNAAG" 74957.679374111 "C/GNNC/GNNC/GNNC/G" 18653.4174125833
TRUE TRUE 1 0.05 5 7 FALSE 191489 121870 121870 121870 121012 121012 121012 "NNNNNNNAAG" 74939.6145753108 "C/GNNC/GNNC/GNNC/G" 18674.3755209904
TRUE TRUE 1 0.5 0 1 FALSE 191489 121870 121870 121870 104071 104063 104063 "NNNNNNNAAG" 74065.0106765721 "C/GNNC/GNNC/GNNG" 12722.5826723032
TRUE TRUE 1 0.5 0 2 FALSE 191489 121870 121870 121870 104071 104071 104071 "NNNNNNNAAG" 74061.0485190311 "C/GNNC/GNNC/GNNG" 12723.4840345552
TRUE TRUE 1 0.5 0 5 FALSE 191489 121870 121870 121870 104071 104071 104071 "NNNNNNNAAG" 74061.0485190311 "C/GNNC/GNNC/GNNG" 12723.4840345552
TRUE TRUE 1 0.5 0 7 FALSE 191489 121870 121870 121870 104071 104071 104071 "NNNNNNNAAG" 74061.0485190311 "C/GNNC/GNNC/GNNG" 12723.4840345552
TRUE TRUE 1 0.5 1 1 FALSE 191489 121870 121870 121870 110482 107380 107380 "NNNNNNNAAG" 75522.0048589871 "C/GNNC/GNNC/GNNC/G" 17436.0513739759
TRUE TRUE 1 0.5 1 2 FALSE 191489 121870 121870 121870 110482 110481 110481 "NNNNNNNAAG" 76899.0378148092 "C/GNNC/GNNC/GNNC/G" 17808.3613846727
TRUE TRUE 1 0.5 1 5 FALSE 191489 121870 121870 121870 110482 110482 110482 "NNNNNNNAAG" 76898.560426151 "C/GNNC/GNNC/GNNC/G" 17808.6122082193
TRUE TRUE 1 0.5 1 7 FALSE 191489 121870 121870 121870 110482 110482 110482 "NNNNNNNAAG" 76898.560426151 "C/GNNC/GNNC/GNNC/G" 17808.6122082193
TRUE TRUE 1 0.5 3 1 FALSE 191489 121870 121870 121870 118029 109899 109899 "NNNNNNNAAG" 76298.6119441159 "C/GNNC/GNNC/GNNC/G" 17276.3650978898
TRUE TRUE 1 0.5 3 2 FALSE 191489 121870 121870 121870 118029 114502 114502 "NNNNNNNAAG" 75566.0083829727 "C/GNNC/GNNC/GNNC/G" 17941.0636008292
TRUE TRUE 1 0.5 3 5 FALSE 191489 121870 121870 121870 118029 118029 118029 "NNNNNNNAAG" 75086.8990522184 "C/GNNC/GNNC/GNNC/G" 18130.7563707186
TRUE TRUE 1 0.5 3 7 FALSE 191489 121870 121870 121870 118029 118029 118029 "NNNNNNNAAG" 75086.8990522184 "C/GNNC/GNNC/GNNC/G" 18130.7563707186
TRUE TRUE 1 0.5 5 1 FALSE 191489 121870 121870 121870 121012 110277 110277 "NNNNNNNAAG" 76333.5157950783 "C/GNNC/GNNC/GNNC/G" 17276.0489621685
TRUE TRUE 1 0.5 5 2 FALSE 191489 121870 121870 121870 121012 115058 115058 "NNNNNNNAAG" 75514.788354413 "C/GNNC/GNNC/GNNC/G" 17964.2858149745
TRUE TRUE 1 0.5 5 5 FALSE 191489 121870 121870 121870 121012 120854 120854 "NNNNNNNAAG" 74957.679374111 "C/GNNC/GNNC/GNNC/G" 18653.4174125833
TRUE TRUE 1 0.5 5 7 FALSE 191489 121870 121870 121870 121012 121012 121012 "NNNNNNNAAG" 74939.6145753108 "C/GNNC/GNNC/GNNC/G" 18674.3755209904
TRUE TRUE 1 1 0 1 FALSE 191489 121870 121870 121870 104071 104063 104063 "NNNNNNNAAG" 74065.0106765721 "C/GNNC/GNNC/GNNG" 12722.5826723032
TRUE TRUE 1 1 0 2 FALSE 191489 121870 121870 121870 104071 104071 104071 "NNNNNNNAAG" 74061.0485190311 "C/GNNC/GNNC/GNNG" 12723.4840345552
TRUE TRUE 1 1 0 5 FALSE 191489 121870 121870 121870 104071 104071 104071 "NNNNNNNAAG" 74061.0485190311 "C/GNNC/GNNC/GNNG" 12723.4840345552
TRUE TRUE 1 1 0 7 FALSE 191489 121870 121870 121870 104071 104071 104071 "NNNNNNNAAG" 74061.0485190311 "C/GNNC/GNNC/GNNG" 12723.4840345552
TRUE TRUE 1 1 1 1 FALSE 191489 121870 121870 121870 110482 107380 107380 "NNNNNNNAAG" 75522.0048589871 "C/GNNC/GNNC/GNNC/G" 17436.0513739759
TRUE TRUE 1 1 1 2 FALSE 191489 121870 121870 121870 110482 110481 110481 "NNNNNNNAAG" 76899.0378148092 "C/GNNC/GNNC/GNNC/G" 17808.3613846727
TRUE TRUE 1 1 1 5 FALSE 191489 121870 121870 121870 110482 110482 110482 "NNNNNNNAAG" 76898.560426151 "C/GNNC/GNNC/GNNC/G" 17808.6122082193
TRUE TRUE 1 1 1 7 FALSE 191489 121870 121870 121870 110482 110482 110482 "NNNNNNNAAG" 76898.560426151 "C/GNNC/GNNC/GNNC/G" 17808.6122082193
TRUE TRUE 1 1 3 1 FALSE 191489 121870 121870 121870 118029 109899 109899 "NNNNNNNAAG" 76298.6119441159 "C/GNNC/GNNC/GNNC/G" 17276.3650978898
TRUE TRUE 1 1 3 2 FALSE 191489 121870 121870 121870 118029 114502 114502 "NNNNNNNAAG" 75566.0083829727 "C/GNNC/GNNC/GNNC/G" 17941.0636008292
TRUE TRUE 1 1 3 5 FALSE 191489 121870 121870 121870 118029 118029 118029 "NNNNNNNAAG" 75086.8990522184 "C/GNNC/GNNC/GNNC/G" 18130.7563707186
TRUE TRUE 1 1 3 7 FALSE 191489 121870 121870 121870 118029 118029 118029 "NNNNNNNAAG" 75086.8990522184 "C/GNNC/GNNC/GNNC/G" 18130.7563707186
TRUE TRUE 1 1 5 1 FALSE 191489 121870 121870 121870 121012 110277 110277 "NNNNNNNAAG" 76333.5157950783 "C/GNNC/GNNC/GNNC/G" 17276.0489621685
TRUE TRUE 1 1 5 2 FALSE 191489 121870 121870 121870 121012 115058 115058 "NNNNNNNAAG" 75514.788354413 "C/GNNC/GNNC/GNNC/G" 17964.2858149745
TRUE TRUE 1 1 5 5 FALSE 191489 121870 121870 121870 121012 120854 120854 "NNNNNNNAAG" 74957.679374111 "C/GNNC/GNNC/GNNC/G" 18653.4174125833
TRUE TRUE 1 1 5 7 FALSE 191489 121870 121870 121870 121012 121012 121012 "NNNNNNNAAG" 74939.6145753108 "C/GNNC/GNNC/GNNC/G" 18674.3755209904
TRUE TRUE 2 0.01 0 1 FALSE 191489 121870 121870 110774 100681 100681 100681 "NNNNNNNAAG" 73260.0955221778 "C/GNNC/GNNC/GNNG" 12595.0026512126
TRUE TRUE 2 0.01 0 2 FALSE 191489 121870 121870 110774 100681 100681 100681 "NNNNNNNAAG" 73260.0955221778 "C/GNNC/GNNC/GNNG" 12595.0026512126
TRUE TRUE 2 0.01 0 5 FALSE 191489 121870 121870 110774 100681 100681 100681 "NNNNNNNAAG" 73260.0955221778 "C/GNNC/GNNC/GNNG" 12595.0026512126
TRUE TRUE 2 0.01 0 7 FALSE 191489 121870 121870 110774 100681 100681 100681 "NNNNNNNAAG" 73260.0955221778 "C/GNNC/GNNC/GNNG" 12595.0026512126
TRUE TRUE 2 0.01 1 1 FALSE 191489 121870 121870 110774 106980 103932 103932 "NNNNNNNAAG" 74695.7600790471 "C/GNNC/GNNC/GNNG" 12794.0826646276
TRUE TRUE 2 0.01 1 2 FALSE 191489 121870 121870 110774 106980 106980 106980 "NNNNNNNAAG" 76066.238722715 "C/GNNC/GNNC/GNNC/G" 17572.734463919
TRUE TRUE 2 0.01 1 5 FALSE 191489 121870 121870 110774 106980 106980 106980 "NNNNNNNAAG" 76066.238722715 "C/GNNC/GNNC/GNNC/G" 17572.734463919
TRUE TRUE 2 0.01 1 7 FALSE 191489 121870 121870 110774 106980 106980 106980 "NNNNNNNAAG" 76066.238722715 "C/GNNC/GNNC/GNNC/G" 17572.734463919
TRUE TRUE 2 0.01 3 1 FALSE 191489 121870 121870 110774 110189 105499 105499 "NNNNNNNAAG" 75420.1355988715 "C/GNNC/GNNC/GNNG" 12611.166496586
TRUE TRUE 2 0.01 3 2 FALSE 191489 121870 121870 110774 110189 108568 108568 "NNNNNNNAAG" 76806.8738838362 "C/GNNC/GNNC/GNNC/G" 17374.3806429337
TRUE TRUE 2 0.01 3 5 FALSE 191489 121870 121870 110774 110189 110189 110189 "NNNNNNNAAG" 77578.3034301681 "C/GNNC/GNNC/GNNC/G" 17210.8621485763
TRUE TRUE 2 0.01 3 7 FALSE 191489 121870 121870 110774 110189 110189 110189 "NNNNNNNAAG" 77578.3034301681 "C/GNNC/GNNC/GNNC/G" 17210.8621485763
TRUE TRUE 2 0.01 5 1 FALSE 191489 121870 121870 110774 110487 105581 105581 "NNNNNNNAAG" 75434.1042916223 "C/GNNC/GNNC/GNNG" 12589.6760370227
TRUE TRUE 2 0.01 5 2 FALSE 191489 121870 121870 110774 110487 108720 108720 "NNNNNNNAAG" 76820.8273172329 "C/GNNC/GNNC/GNNC/G" 17344.754251768
TRUE TRUE 2 0.01 5 5 FALSE 191489 121870 121870 110774 110487 110442 110442 "NNNNNNNAAG" 77588.0687371446 "C/GNNC/GNNC/GNNC/G" 17171.6063856446
TRUE TRUE 2 0.01 5 7 FALSE 191489 121870 121870 110774 110487 110487 110487 "NNNNNNNAAG" 77590.23092478 "C/GNNC/GNNC/GNNC/G" 17166.6753549526
TRUE TRUE 2 0.05 0 1 FALSE 191489 121870 121870 121870 104071 104063 104063 "NNNNNNNAAG" 74065.0106765721 "C/GNNC/GNNC/GNNG" 12722.5826723032
TRUE TRUE 2 0.05 0 2 FALSE 191489 121870 121870 121870 104071 104071 104071 "NNNNNNNAAG" 74061.0485190311 "C/GNNC/GNNC/GNNG" 12723.4840345552
TRUE TRUE 2 0.05 0 5 FALSE 191489 121870 121870 121870 104071 104071 104071 "NNNNNNNAAG" 74061.0485190311 "C/GNNC/GNNC/GNNG" 12723.4840345552
TRUE TRUE 2 0.05 0 7 FALSE 191489 121870 121870 121870 104071 104071 104071 "NNNNNNNAAG" 74061.0485190311 "C/GNNC/GNNC/GNNG" 12723.4840345552
TRUE TRUE 2 0.05 1 1 FALSE 191489 121870 121870 121870 110482 107380 107380 "NNNNNNNAAG" 75522.0048589871 "C/GNNC/GNNC/GNNC/G" 17436.0513739759
TRUE TRUE 2 0.05 1 2 FALSE 191489 121870 121870 121870 110482 110481 110481 "NNNNNNNAAG" 76899.0378148092 "C/GNNC/GNNC/GNNC/G" 17808.3613846727
TRUE TRUE 2 0.05 1 5 FALSE 191489 121870 121870 121870 110482 110482 110482 "NNNNNNNAAG" 76898.560426151 "C/GNNC/GNNC/GNNC/G" 17808.6122082193
TRUE TRUE 2 0.05 1 7 FALSE 191489 121870 121870 121870 110482 110482 110482 "NNNNNNNAAG" 76898.560426151 "C/GNNC/GNNC/GNNC/G" 17808.6122082193
TRUE TRUE 2 0.05 3 1 FALSE 191489 121870 121870 121870 118029 109899 109899 "NNNNNNNAAG" 76298.6119441159 "C/GNNC/GNNC/GNNC/G" 17276.3650978898
TRUE TRUE 2 0.05 3 2 FALSE 191489 121870 121870 121870 118029 114502 114502 "NNNNNNNAAG" 75566.0083829727 "C/GNNC/GNNC/GNNC/G" 17941.0636008292
TRUE TRUE 2 0.05 3 5 FALSE 191489 121870 121870 121870 118029 118029 118029 "NNNNNNNAAG" 75086.8990522184 "C/GNNC/GNNC/GNNC/G" 18130.7563707186
TRUE TRUE 2 0.05 3 7 FALSE 191489 121870 121870 121870 118029 118029 118029 "NNNNNNNAAG" 75086.8990522184 "C/GNNC/GNNC/GNNC/G" 18130.7563707186
TRUE TRUE 2 0.05 5 1 FALSE 191489 121870 121870 121870 121012 110277 110277 "NNNNNNNAAG" 76333.5157950783 "C/GNNC/GNNC/GNNC/G" 17276.0489621685
TRUE TRUE 2 0.05 5 2 FALSE 191489 121870 121870 121870 121012 115058 115058 "NNNNNNNAAG" 75514.788354413 "C/GNNC/GNNC/GNNC/G" 17964.2858149745
TRUE TRUE 2 0.05 5 5 FALSE 191489 121870 121870 121870 121012 120854 120854 "NNNNNNNAAG" 74957.679374111 "C/GNNC/GNNC/GNNC/G" 18653.4174125833
TRUE TRUE 2 0.05 5 7 FALSE 191489 121870 121870 121870 121012 121012 121012 "NNNNNNNAAG" 74939.6145753108 "C/GNNC/GNNC/GNNC/G" 18674.3755209904
TRUE TRUE 2 0.5 0 1 FALSE 191489 121870 121870 121870 104071 104063 104063 "NNNNNNNAAG" 74065.0106765721 "C/GNNC/GNNC/GNNG" 12722.5826723032
TRUE TRUE 2 0.5 0 2 FALSE 191489 121870 121870 121870 104071 104071 104071 "NNNNNNNAAG" 74061.0485190311 "C/GNNC/GNNC/GNNG" 12723.4840345552
TRUE TRUE 2 0.5 0 5 FALSE 191489 121870 121870 121870 104071 104071 104071 "NNNNNNNAAG" 74061.0485190311 "C/GNNC/GNNC/GNNG" 12723.4840345552
TRUE TRUE 2 0.5 0 7 FALSE 191489 121870 121870 121870 104071 104071 104071 "NNNNNNNAAG" 74061.0485190311 "C/GNNC/GNNC/GNNG" 12723.4840345552
TRUE TRUE 2 0.5 1 1 FALSE 191489 121870 121870 121870 110482 107380 107380 "NNNNNNNAAG" 75522.0048589871 "C/GNNC/GNNC/GNNC/G" 17436.0513739759
TRUE TRUE 2 0.5 1 2 FALSE 191489 121870 121870 121870 110482 110481 110481 "NNNNNNNAAG" 76899.0378148092 "C/GNNC/GNNC/GNNC/G" 17808.3613846727
TRUE TRUE 2 0.5 1 5 FALSE 191489 121870 121870 121870 110482 110482 110482 "NNNNNNNAAG" 76898.560426151 "C/GNNC/GNNC/GNNC/G" 17808.6122082193
TRUE TRUE 2 0.5 1 7 FALSE 191489 121870 121870 121870 110482 110482 110482 "NNNNNNNAAG" 76898.560426151 "C/GNNC/GNNC/GNNC/G" 17808.6122082193
TRUE TRUE 2 0.5 3 1 FALSE 191489 121870 121870 121870 118029 109899 109899 "NNNNNNNAAG" 76298.6119441159 "C/GNNC/GNNC/GNNC/G" 17276.3650978898
TRUE TRUE 2 0.5 3 2 FALSE 191489 121870 121870 121870 118029 114502 114502 "NNNNNNNAAG" 75566.0083829727 "C/GNNC/GNNC/GNNC/G" 17941.0636008292
TRUE TRUE 2 0.5 3 5 FALSE 191489 121870 121870 121870 118029 118029 118029 "NNNNNNNAAG" 75086.8990522184 "C/GNNC/GNNC/GNNC/G" 18130.7563707186
TRUE TRUE 2 0.5 3 7 FALSE 191489 121870 121870 121870 118029 118029 118029 "NNNNNNNAAG" 75086.8990522184 "C/GNNC/GNNC/GNNC/G" 18130.7563707186
TRUE TRUE 2 0.5 5 1 FALSE 191489 121870 121870 121870 121012 110277 110277 "NNNNNNNAAG" 76333.5157950783 "C/GNNC/GNNC/GNNC/G" 17276.0489621685
TRUE TRUE 2 0.5 5 2 FALSE 191489 121870 121870 121870 121012 115058 115058 "NNNNNNNAAG" 75514.788354413 "C/GNNC/GNNC/GNNC/G" 17964.2858149745
TRUE TRUE 2 0.5 5 5 FALSE 191489 121870 121870 121870 121012 120854 120854 "NNNNNNNAAG" 74957.679374111 "C/GNNC/GNNC/GNNC/G" 18653.4174125833
TRUE TRUE 2 0.5 5 7 FALSE 191489 121870 121870 121870 121012 121012 121012 "NNNNNNNAAG" 74939.6145753108 "C/GNNC/GNNC/GNNC/G" 18674.3755209904
TRUE TRUE 2 1 0 1 FALSE 191489 121870 121870 121870 104071 104063 104063 "NNNNNNNAAG" 74065.0106765721 "C/GNNC/GNNC/GNNG" 12722.5826723032
TRUE TRUE 2 1 0 2 FALSE 191489 121870 121870 121870 104071 104071 104071 "NNNNNNNAAG" 74061.0485190311 "C/GNNC/GNNC/GNNG" 12723.4840345552
TRUE TRUE 2 1 0 5 FALSE 191489 121870 121870 121870 104071 104071 104071 "NNNNNNNAAG" 74061.0485190311 "C/GNNC/GNNC/GNNG" 12723.4840345552
TRUE TRUE 2 1 0 7 FALSE 191489 121870 121870 121870 104071 104071 104071 "NNNNNNNAAG" 74061.0485190311 "C/GNNC/GNNC/GNNG" 12723.4840345552
TRUE TRUE 2 1 1 1 FALSE 191489 121870 121870 121870 110482 107380 107380 "NNNNNNNAAG" 75522.0048589871 "C/GNNC/GNNC/GNNC/G" 17436.0513739759
TRUE TRUE 2 1 1 2 FALSE 191489 121870 121870 121870 110482 110481 110481 "NNNNNNNAAG" 76899.0378148092 "C/GNNC/GNNC/GNNC/G" 17808.3613846727
TRUE TRUE 2 1 1 5 FALSE 191489 121870 121870 121870 110482 110482 110482 "NNNNNNNAAG" 76898.560426151 "C/GNNC/GNNC/GNNC/G" 17808.6122082193
TRUE TRUE 2 1 1 7 FALSE 191489 121870 121870 121870 110482 110482 110482 "NNNNNNNAAG" 76898.560426151 "C/GNNC/GNNC/GNNC/G" 17808.6122082193
TRUE TRUE 2 1 3 1 FALSE 191489 121870 121870 121870 118029 109899 109899 "NNNNNNNAAG" 76298.6119441159 "C/GNNC/GNNC/GNNC/G" 17276.3650978898
TRUE TRUE 2 1 3 2 FALSE 191489 121870 121870 121870 118029 114502 114502 "NNNNNNNAAG" 75566.0083829727 "C/GNNC/GNNC/GNNC/G" 17941.0636008292
TRUE TRUE 2 1 3 5 FALSE 191489 121870 121870 121870 118029 118029 118029 "NNNNNNNAAG" 75086.8990522184 "C/GNNC/GNNC/GNNC/G" 18130.7563707186
TRUE TRUE 2 1 3 7 FALSE 191489 121870 121870 121870 118029 118029 118029 "NNNNNNNAAG" 75086.8990522184 "C/GNNC/GNNC/GNNC/G" 18130.7563707186
TRUE TRUE 2 1 5 1 FALSE 191489 121870 121870 121870 121012 110277 110277 "NNNNNNNAAG" 76333.5157950783 "C/GNNC/GNNC/GNNC/G" 17276.0489621685
TRUE TRUE 2 1 5 2 FALSE 191489 121870 121870 121870 121012 115058 115058 "NNNNNNNAAG" 75514.788354413 "C/GNNC/GNNC/GNNC/G" 17964.2858149745
TRUE TRUE 2 1 5 5 FALSE 191489 121870 121870 121870 121012 120854 120854 "NNNNNNNAAG" 74957.679374111 "C/GNNC/GNNC/GNNC/G" 18653.4174125833
TRUE TRUE 2 1 5 7 FALSE 191489 121870 121870 121870 121012 121012 121012 "NNNNNNNAAG" 74939.6145753108 "C/GNNC/GNNC/GNNC/G" 18674.3755209904
TRUE TRUE 3 0.01 0 1 FALSE 191489 121870 121870 110774 100681 100681 100681 "NNNNNNNAAG" 73260.0955221778 "C/GNNC/GNNC/GNNG" 12595.0026512126
TRUE TRUE 3 0.01 0 2 FALSE 191489 121870 121870 110774 100681 100681 100681 "NNNNNNNAAG" 73260.0955221778 "C/GNNC/GNNC/GNNG" 12595.0026512126
TRUE TRUE 3 0.01 0 5 FALSE 191489 121870 121870 110774 100681 100681 100681 "NNNNNNNAAG" 73260.0955221778 "C/GNNC/GNNC/GNNG" 12595.0026512126
TRUE TRUE 3 0.01 0 7 FALSE 191489 121870 121870 110774 100681 100681 100681 "NNNNNNNAAG" 73260.0955221778 "C/GNNC/GNNC/GNNG" 12595.0026512126
TRUE TRUE 3 0.01 1 1 FALSE 191489 121870 121870 110774 106980 103932 103932 "NNNNNNNAAG" 74695.7600790471 "C/GNNC/GNNC/GNNG" 12794.0826646276
TRUE TRUE 3 0.01 1 2 FALSE 191489 121870 121870 110774 106980 106980 106980 "NNNNNNNAAG" 76066.238722715 "C/GNNC/GNNC/GNNC/G" 17572.734463919
TRUE TRUE 3 0.01 1 5 FALSE 191489 121870 121870 110774 106980 106980 106980 "NNNNNNNAAG" 76066.238722715 "C/GNNC/GNNC/GNNC/G" 17572.734463919
TRUE TRUE 3 0.01 1 7 FALSE 191489 121870 121870 110774 106980 106980 106980 "NNNNNNNAAG" 76066.238722715 "C/GNNC/GNNC/GNNC/G" 17572.734463919
TRUE TRUE 3 0.01 3 1 FALSE 191489 121870 121870 110774 110189 105499 105499 "NNNNNNNAAG" 75420.1355988715 "C/GNNC/GNNC/GNNG" 12611.166496586
TRUE TRUE 3 0.01 3 2 FALSE 191489 121870 121870 110774 110189 108568 108568 "NNNNNNNAAG" 76806.8738838362 "C/GNNC/GNNC/GNNC/G" 17374.3806429337
TRUE TRUE 3 0.01 3 5 FALSE 191489 121870 121870 110774 110189 110189 110189 "NNNNNNNAAG" 77578.3034301681 "C/GNNC/GNNC/GNNC/G" 17210.8621485763
TRUE TRUE 3 0.01 3 7 FALSE 191489 121870 121870 110774 110189 110189 110189 "NNNNNNNAAG" 77578.3034301681 "C/GNNC/GNNC/GNNC/G" 17210.8621485763
TRUE TRUE 3 0.01 5 1 FALSE 191489 121870 121870 110774 110487 105581 105581 "NNNNNNNAAG" 75434.1042916223 "C/GNNC/GNNC/GNNG" 12589.6760370227
TRUE TRUE 3 0.01 5 2 FALSE 191489 121870 121870 110774 110487 108720 108720 "NNNNNNNAAG" 76820.8273172329 "C/GNNC/GNNC/GNNC/G" 17344.754251768
TRUE TRUE 3 0.01 5 5 FALSE 191489 121870 121870 110774 110487 110442 110442 "NNNNNNNAAG" 77588.0687371446 "C/GNNC/GNNC/GNNC/G" 17171.6063856446
TRUE TRUE 3 0.01 5 7 FALSE 191489 121870 121870 110774 110487 110487 110487 "NNNNNNNAAG" 77590.23092478 "C/GNNC/GNNC/GNNC/G" 17166.6753549526
TRUE TRUE 3 0.05 0 1 FALSE 191489 121870 121870 121870 104071 104063 104063 "NNNNNNNAAG" 74065.0106765721 "C/GNNC/GNNC/GNNG" 12722.5826723032
TRUE TRUE 3 0.05 0 2 FALSE 191489 121870 121870 121870 104071 104071 104071 "NNNNNNNAAG" 74061.0485190311 "C/GNNC/GNNC/GNNG" 12723.4840345552
TRUE TRUE 3 0.05 0 5 FALSE 191489 121870 121870 121870 104071 104071 104071 "NNNNNNNAAG" 74061.0485190311 "C/GNNC/GNNC/GNNG" 12723.4840345552
TRUE TRUE 3 0.05 0 7 FALSE 191489 121870 121870 121870 104071 104071 104071 "NNNNNNNAAG" 74061.0485190311 "C/GNNC/GNNC/GNNG" 12723.4840345552
TRUE TRUE 3 0.05 1 1 FALSE 191489 121870 121870 121870 110482 107380 107380 "NNNNNNNAAG" 75522.0048589871 "C/GNNC/GNNC/GNNC/G" 17436.0513739759
TRUE TRUE 3 0.05 1 2 FALSE 191489 121870 121870 121870 110482 110481 110481 "NNNNNNNAAG" 76899.0378148092 "C/GNNC/GNNC/GNNC/G" 17808.3613846727
TRUE TRUE 3 0.05 1 5 FALSE 191489 121870 121870 121870 110482 110482 110482 "NNNNNNNAAG" 76898.560426151 "C/GNNC/GNNC/GNNC/G" 17808.6122082193
TRUE TRUE 3 0.05 1 7 FALSE 191489 121870 121870 121870 110482 110482 110482 "NNNNNNNAAG" 76898.560426151 "C/GNNC/GNNC/GNNC/G" 17808.6122082193
TRUE TRUE 3 0.05 3 1 FALSE 191489 121870 121870 121870 118029 109899 109899 "NNNNNNNAAG" 76298.6119441159 "C/GNNC/GNNC/GNNC/G" 17276.3650978898
TRUE TRUE 3 0.05 3 2 FALSE 191489 121870 121870 121870 118029 114502 114502 "NNNNNNNAAG" 75566.0083829727 "C/GNNC/GNNC/GNNC/G" 17941.0636008292
TRUE TRUE 3 0.05 3 5 FALSE 191489 121870 121870 121870 118029 118029 118029 "NNNNNNNAAG" 75086.8990522184 "C/GNNC/GNNC/GNNC/G" 18130.7563707186
TRUE TRUE 3 0.05 3 7 FALSE 191489 121870 121870 121870 118029 118029 118029 "NNNNNNNAAG" 75086.8990522184 "C/GNNC/GNNC/GNNC/G" 18130.7563707186
TRUE TRUE 3 0.05 5 1 FALSE 191489 121870 121870 121870 121012 110277 110277 "NNNNNNNAAG" 76333.5157950783 "C/GNNC/GNNC/GNNC/G" 17276.0489621685
TRUE TRUE 3 0.05 5 2 FALSE 191489 121870 121870 121870 121012 115058 115058 "NNNNNNNAAG" 75514.788354413 "C/GNNC/GNNC/GNNC/G" 17964.2858149745
TRUE TRUE 3 0.05 5 5 FALSE 191489 121870 121870 121870 121012 120854 120854 "NNNNNNNAAG" 74957.679374111 "C/GNNC/GNNC/GNNC/G" 18653.4174125833
TRUE TRUE 3 0.05 5 7 FALSE 191489 121870 121870 121870 121012 121012 121012 "NNNNNNNAAG" 74939.6145753108 "C/GNNC/GNNC/GNNC/G" 18674.3755209904
TRUE TRUE 3 0.5 0 1 FALSE 191489 121870 121870 121870 104071 104063 104063 "NNNNNNNAAG" 74065.0106765721 "C/GNNC/GNNC/GNNG" 12722.5826723032
TRUE TRUE 3 0.5 0 2 FALSE 191489 121870 121870 121870 104071 104071 104071 "NNNNNNNAAG" 74061.0485190311 "C/GNNC/GNNC/GNNG" 12723.4840345552
TRUE TRUE 3 0.5 0 5 FALSE 191489 121870 121870 121870 104071 104071 104071 "NNNNNNNAAG" 74061.0485190311 "C/GNNC/GNNC/GNNG" 12723.4840345552
TRUE TRUE 3 0.5 0 7 FALSE 191489 121870 121870 121870 104071 104071 104071 "NNNNNNNAAG" 74061.0485190311 "C/GNNC/GNNC/GNNG" 12723.4840345552
TRUE TRUE 3 0.5 1 1 FALSE 191489 121870 121870 121870 110482 107380 107380 "NNNNNNNAAG" 75522.0048589871 "C/GNNC/GNNC/GNNC/G" 17436.0513739759
TRUE TRUE 3 0.5 1 2 FALSE 191489 121870 121870 121870 110482 110481 110481 "NNNNNNNAAG" 76899.0378148092 "C/GNNC/GNNC/GNNC/G" 17808.3613846727
TRUE TRUE 3 0.5 1 5 FALSE 191489 121870 121870 121870 110482 110482 110482 "NNNNNNNAAG" 76898.560426151 "C/GNNC/GNNC/GNNC/G" 17808.6122082193
TRUE TRUE 3 0.5 1 7 FALSE 191489 121870 121870 121870 110482 110482 110482 "NNNNNNNAAG" 76898.560426151 "C/GNNC/GNNC/GNNC/G" 17808.6122082193
TRUE TRUE 3 0.5 3 1 FALSE 191489 121870 121870 121870 118029 109899 109899 "NNNNNNNAAG" 76298.6119441159 "C/GNNC/GNNC/GNNC/G" 17276.3650978898
TRUE TRUE 3 0.5 3 2 FALSE 191489 121870 121870 121870 118029 114502 114502 "NNNNNNNAAG" 75566.0083829727 "C/GNNC/GNNC/GNNC/G" 17941.0636008292
TRUE TRUE 3 0.5 3 5 FALSE 191489 121870 121870 121870 118029 118029 118029 "NNNNNNNAAG" 75086.8990522184 "C/GNNC/GNNC/GNNC/G" 18130.7563707186
TRUE TRUE 3 0.5 3 7 FALSE 191489 121870 121870 121870 118029 118029 118029 "NNNNNNNAAG" 75086.8990522184 "C/GNNC/GNNC/GNNC/G" 18130.7563707186
TRUE TRUE 3 0.5 5 1 FALSE 191489 121870 121870 121870 121012 110277 110277 "NNNNNNNAAG" 76333.5157950783 "C/GNNC/GNNC/GNNC/G" 17276.0489621685
TRUE TRUE 3 0.5 5 2 FALSE 191489 121870 121870 121870 121012 115058 115058 "NNNNNNNAAG" 75514.788354413 "C/GNNC/GNNC/GNNC/G" 17964.2858149745
TRUE TRUE 3 0.5 5 5 FALSE 191489 121870 121870 121870 121012 120854 120854 "NNNNNNNAAG" 74957.679374111 "C/GNNC/GNNC/GNNC/G" 18653.4174125833
TRUE TRUE 3 0.5 5 7 FALSE 191489 121870 121870 121870 121012 121012 121012 "NNNNNNNAAG" 74939.6145753108 "C/GNNC/GNNC/GNNC/G" 18674.3755209904
TRUE TRUE 3 1 0 1 FALSE 191489 121870 121870 121870 104071 104063 104063 "NNNNNNNAAG" 74065.0106765721 "C/GNNC/GNNC/GNNG" 12722.5826723032
TRUE TRUE 3 1 0 2 FALSE 191489 121870 121870 121870 104071 104071 104071 "NNNNNNNAAG" 74061.0485190311 "C/GNNC/GNNC/GNNG" 12723.4840345552
TRUE TRUE 3 1 0 5 FALSE 191489 121870 121870 121870 104071 104071 104071 "NNNNNNNAAG" 74061.0485190311 "C/GNNC/GNNC/GNNG" 12723.4840345552
TRUE TRUE 3 1 0 7 FALSE 191489 121870 121870 121870 104071 104071 104071 "NNNNNNNAAG" 74061.0485190311 "C/GNNC/GNNC/GNNG" 12723.4840345552
TRUE TRUE 3 1 1 1 FALSE 191489 121870 121870 121870 110482 107380 107380 "NNNNNNNAAG" 75522.0048589871 "C/GNNC/GNNC/GNNC/G" 17436.0513739759
TRUE TRUE 3 1 1 2 FALSE 191489 121870 121870 121870 110482 110481 110481 "NNNNNNNAAG" 76899.0378148092 "C/GNNC/GNNC/GNNC/G" 17808.3613846727
TRUE TRUE 3 1 1 5 FALSE 191489 121870 121870 121870 110482 110482 110482 "NNNNNNNAAG" 76898.560426151 "C/GNNC/GNNC/GNNC/G" 17808.6122082193
TRUE TRUE 3 1 1 7 FALSE 191489 121870 121870 121870 110482 110482 110482 "NNNNNNNAAG" 76898.560426151 "C/GNNC/GNNC/GNNC/G" 17808.6122082193
TRUE TRUE 3 1 3 1 FALSE 191489 121870 121870 121870 118029 109899 109899 "NNNNNNNAAG" 76298.6119441159 "C/GNNC/GNNC/GNNC/G" 17276.3650978898
TRUE TRUE 3 1 3 2 FALSE 191489 121870 121870 121870 118029 114502 114502 "NNNNNNNAAG" 75566.0083829727 "C/GNNC/GNNC/GNNC/G" 17941.0636008292
TRUE TRUE 3 1 3 5 FALSE 191489 121870 121870 121870 118029 118029 118029 "NNNNNNNAAG" 75086.8990522184 "C/GNNC/GNNC/GNNC/G" 18130.7563707186
TRUE TRUE 3 1 3 7 FALSE 191489 121870 121870 121870 118029 118029 118029 "NNNNNNNAAG" 75086.8990522184 "C/GNNC/GNNC/GNNC/G" 18130.7563707186
TRUE TRUE 3 1 5 1 FALSE 191489 121870 121870 121870 121012 110277 110277 "NNNNNNNAAG" 76333.5157950783 "C/GNNC/GNNC/GNNC/G" 17276.0489621685
TRUE TRUE 3 1 5 2 FALSE 191489 121870 121870 121870 121012 115058 115058 "NNNNNNNAAG" 75514.788354413 "C/GNNC/GNNC/GNNC/G" 17964.2858149745
TRUE TRUE 3 1 5 5 FALSE 191489 121870 121870 121870 121012 120854 120854 "NNNNNNNAAG" 74957.679374111 "C/GNNC/GNNC/GNNC/G" 18653.4174125833
TRUE TRUE 3 1 5 7 FALSE 191489 121870 121870 121870 121012 121012 121012 "NNNNNNNAAG" 74939.6145753108 "C/GNNC/GNNC/GNNC/G" 18674.3755209904
